##TITLE= 
##JCAMPDX= 5.0
##DATATYPE= 
##ORIGIN= Bruker BioSpin GmbH
##OWNER= 
##$SHAPE_PARAMETERS= 
##MINX= 100.00000000
##MAXX= 100.00000000
##MINY= 0.00124000
##MAXY= 358.50847000
##$SHAPE_EXMODE= Adiabatic
##$SHAPE_TOTROT= 1.800000E02
##$SHAPE_TYPE= Inversion
##$SHAPE_USER_DEF= 
##$SHAPE_REPHFAC= 
##$SHAPE_BWFAC= 1.000000E01
##$SHAPE_BWFAC50= 
##$SHAPE_INTEGFAC= 0.13024602
##$SHAPE_MODE= 0
##NPOINTS= 1000
##XYPOINTS= (XY..XY)
100.000000, 181.800000
100.000000, 170.894010
100.000000, 160.236400
100.000000, 149.821840
100.000000, 139.645010
100.000000, 129.700600
100.000000, 119.983260
100.000000, 110.487690
100.000000, 101.208550
100.000000, 92.140540
100.000000, 83.278310
100.000000, 74.616550
100.000000, 66.149940
100.000000, 57.873150
100.000000, 49.780860
100.000000, 41.867750
100.000000, 34.128490
100.000000, 26.557760
100.000000, 19.150240
100.000000, 11.900600
100.000000, 4.803520
100.000000, 357.853680
100.000000, 351.045750
100.000000, 344.374420
100.000000, 337.834350
100.000000, 331.420230
100.000000, 325.126740
100.000000, 318.948540
100.000000, 312.880310
100.000000, 306.916740
100.000000, 301.052500
100.000000, 295.282260
100.000000, 289.594290
100.000000, 283.974820
100.000000, 278.418740
100.000000, 272.925010
100.000000, 267.492570
100.000000, 262.120400
100.000000, 256.807450
100.000000, 251.552660
100.000000, 246.355010
100.000000, 241.213440
100.000000, 236.126910
100.000000, 231.094380
100.000000, 226.114810
100.000000, 221.187160
100.000000, 216.310370
100.000000, 211.483410
100.000000, 206.705230
100.000000, 201.974790
100.000000, 197.291050
100.000000, 192.652960
100.000000, 188.059480
100.000000, 183.509560
100.000000, 179.002170
100.000000, 174.536260
100.000000, 170.110780
100.000000, 165.724700
100.000000, 161.377770
100.000000, 157.051060
100.000000, 152.744550
100.000000, 148.458030
100.000000, 144.191270
100.000000, 139.944060
100.000000, 135.716200
100.000000, 131.507450
100.000000, 127.317620
100.000000, 123.146480
100.000000, 118.993820
100.000000, 114.859420
100.000000, 110.743070
100.000000, 106.644550
100.000000, 102.563650
100.000000, 98.500160
100.000000, 94.453850
100.000000, 90.424520
100.000000, 86.411950
100.000000, 82.415920
100.000000, 78.436220
100.000000, 74.472630
100.000000, 70.524950
100.000000, 66.592950
100.000000, 62.676410
100.000000, 58.775140
100.000000, 54.888900
100.000000, 51.017490
100.000000, 47.160680
100.000000, 43.318280
100.000000, 39.490050
100.000000, 35.675780
100.000000, 31.875270
100.000000, 28.088290
100.000000, 24.314640
100.000000, 20.554080
100.000000, 16.806420
100.000000, 13.071440
100.000000, 9.348910
100.000000, 5.638630
100.000000, 1.940380
100.000000, 358.253950
100.000000, 354.579110
100.000000, 350.915670
100.000000, 347.263390
100.000000, 343.622070
100.000000, 339.991490
100.000000, 336.371440
100.000000, 332.761700
100.000000, 329.162050
100.000000, 325.572290
100.000000, 321.992190
100.000000, 318.425340
100.000000, 314.864320
100.000000, 311.313060
100.000000, 307.771580
100.000000, 304.239860
100.000000, 300.717930
100.000000, 297.205770
100.000000, 293.703400
100.000000, 290.210810
100.000000, 286.728020
100.000000, 283.255020
100.000000, 279.791820
100.000000, 276.338420
100.000000, 272.894830
100.000000, 269.461040
100.000000, 266.037070
100.000000, 262.622920
100.000000, 259.218580
100.000000, 255.824070
100.000000, 252.439380
100.000000, 249.064520
100.000000, 245.699500
100.000000, 242.344320
100.000000, 238.998970
100.000000, 235.663470
100.000000, 232.337820
100.000000, 229.022020
100.000000, 225.716080
100.000000, 222.419990
100.000000, 219.133770
100.000000, 215.857410
100.000000, 212.590920
100.000000, 209.334310
100.000000, 206.087570
100.000000, 202.850710
100.000000, 199.623730
100.000000, 196.406640
100.000000, 193.199450
100.000000, 190.002140
100.000000, 186.814740
100.000000, 183.637240
100.000000, 180.469640
100.000000, 177.311950
100.000000, 174.164170
100.000000, 171.026310
100.000000, 167.898360
100.000000, 164.780340
100.000000, 161.672250
100.000000, 158.574080
100.000000, 155.485850
100.000000, 152.407560
100.000000, 149.339210
100.000000, 146.280800
100.000000, 143.232340
100.000000, 140.193830
100.000000, 137.165270
100.000000, 134.146670
100.000000, 131.138040
100.000000, 128.139370
100.000000, 125.150670
100.000000, 122.171940
100.000000, 119.203190
100.000000, 116.244420
100.000000, 113.295630
100.000000, 110.356820
100.000000, 107.428010
100.000000, 104.509200
100.000000, 101.600370
100.000000, 98.701560
100.000000, 95.812740
100.000000, 92.933930
100.000000, 90.065140
100.000000, 87.206360
100.000000, 84.357600
100.000000, 81.518860
100.000000, 78.690150
100.000000, 75.871460
100.000000, 73.062810
100.000000, 70.264200
100.000000, 67.475630
100.000000, 64.697100
100.000000, 61.928610
100.000000, 59.170180
100.000000, 56.421810
100.000000, 53.683490
100.000000, 50.955230
100.000000, 48.237040
100.000000, 45.528910
100.000000, 42.830860
100.000000, 40.142880
100.000000, 37.464990
100.000000, 34.797170
100.000000, 32.139450
100.000000, 29.491810
100.000000, 26.854260
100.000000, 24.226820
100.000000, 21.609470
100.000000, 19.002230
100.000000, 16.405090
100.000000, 13.818070
100.000000, 11.241160
100.000000, 8.674370
100.000000, 6.117710
100.000000, 3.571160
100.000000, 1.034750
100.000000, 358.508470
100.000000, 355.992320
100.000000, 353.486320
100.000000, 350.990460
100.000000, 348.504740
100.000000, 346.029180
100.000000, 343.563770
100.000000, 341.108520
100.000000, 338.663430
100.000000, 336.228500
100.000000, 333.803740
100.000000, 331.389160
100.000000, 328.984740
100.000000, 326.590510
100.000000, 324.206460
100.000000, 321.832600
100.000000, 319.468920
100.000000, 317.115440
100.000000, 314.772160
100.000000, 312.439070
100.000000, 310.116190
100.000000, 307.803520
100.000000, 305.501060
100.000000, 303.208810
100.000000, 300.926780
100.000000, 298.654970
100.000000, 296.388500
100.000000, 294.135370
100.000000, 291.890480
100.000000, 289.653850
100.000000, 287.425480
100.000000, 285.205370
100.000000, 282.993540
100.000000, 280.790000
100.000000, 278.594740
100.000000, 276.407790
100.000000, 274.229140
100.000000, 272.058800
100.000000, 269.896790
100.000000, 267.743100
100.000000, 265.597750
100.000000, 263.460740
100.000000, 261.332090
100.000000, 259.211790
100.000000, 257.099850
100.000000, 254.996290
100.000000, 252.901110
100.000000, 250.814320
100.000000, 248.735930
100.000000, 246.665930
100.000000, 244.604350
100.000000, 242.551190
100.000000, 240.506450
100.000000, 238.470140
100.000000, 236.442280
100.000000, 234.422860
100.000000, 232.411900
100.000000, 230.409400
100.000000, 228.415370
100.000000, 226.429820
100.000000, 224.452760
100.000000, 222.484190
100.000000, 220.524120
100.000000, 218.572550
100.000000, 216.629500
100.000000, 214.694980
100.000000, 212.768980
100.000000, 210.851520
100.000000, 208.942610
100.000000, 207.042250
100.000000, 205.150450
100.000000, 203.267220
100.000000, 201.392560
100.000000, 199.526490
100.000000, 197.669000
100.000000, 195.820120
100.000000, 193.979840
100.000000, 192.148170
100.000000, 190.325120
100.000000, 188.510700
100.000000, 186.704910
100.000000, 184.907760
100.000000, 183.119270
100.000000, 181.339430
100.000000, 179.568260
100.000000, 177.805760
100.000000, 176.051940
100.000000, 174.306810
100.000000, 172.570370
100.000000, 170.842630
100.000000, 169.123610
100.000000, 167.413300
100.000000, 165.711720
100.000000, 164.018860
100.000000, 162.334750
100.000000, 160.659390
100.000000, 158.992780
100.000000, 157.334930
100.000000, 155.685850
100.000000, 154.045550
100.000000, 152.414030
100.000000, 150.791310
100.000000, 149.177380
100.000000, 147.572260
100.000000, 145.975960
100.000000, 144.388480
100.000000, 142.809820
100.000000, 141.240010
100.000000, 139.679040
100.000000, 138.126920
100.000000, 136.583660
100.000000, 135.049260
100.000000, 133.523740
100.000000, 132.007110
100.000000, 130.499360
100.000000, 129.000510
100.000000, 127.510560
100.000000, 126.029520
100.000000, 124.557410
100.000000, 123.094220
100.000000, 121.639960
100.000000, 120.194650
100.000000, 118.758280
100.000000, 117.330870
100.000000, 115.912430
100.000000, 114.502960
100.000000, 113.102460
100.000000, 111.710960
100.000000, 110.328440
100.000000, 108.954930
100.000000, 107.590430
100.000000, 106.234940
100.000000, 104.888480
100.000000, 103.551050
100.000000, 102.222650
100.000000, 100.903310
100.000000, 99.593020
100.000000, 98.291780
100.000000, 96.999620
100.000000, 95.716540
100.000000, 94.442530
100.000000, 93.177620
100.000000, 91.921810
100.000000, 90.675100
100.000000, 89.437510
100.000000, 88.209040
100.000000, 86.989690
100.000000, 85.779490
100.000000, 84.578420
100.000000, 83.386510
100.000000, 82.203760
100.000000, 81.030170
100.000000, 79.865750
100.000000, 78.710520
100.000000, 77.564480
100.000000, 76.427630
100.000000, 75.299980
100.000000, 74.180330
100.000000, 73.069250
100.000000, 71.965790
100.000000, 70.869960
100.000000, 69.781780
100.000000, 68.701270
100.000000, 67.628450
100.000000, 66.563340
100.000000, 65.505940
100.000000, 64.456290
100.000000, 63.414400
100.000000, 62.380290
100.000000, 61.353970
100.000000, 60.335460
100.000000, 59.324790
100.000000, 58.321960
100.000000, 57.327010
100.000000, 56.339930
100.000000, 55.360760
100.000000, 54.389520
100.000000, 53.426210
100.000000, 52.470860
100.000000, 51.523480
100.000000, 50.584100
100.000000, 49.652730
100.000000, 48.729380
100.000000, 47.814090
100.000000, 46.906860
100.000000, 46.007710
100.000000, 45.116670
100.000000, 44.233740
100.000000, 43.358950
100.000000, 42.492320
100.000000, 41.633850
100.000000, 40.783580
100.000000, 39.941520
100.000000, 39.107690
100.000000, 38.282100
100.000000, 37.464770
100.000000, 36.655730
100.000000, 35.854980
100.000000, 35.062550
100.000000, 34.278460
100.000000, 33.502720
100.000000, 32.735350
100.000000, 31.976370
100.000000, 31.225790
100.000000, 30.483640
100.000000, 29.749940
100.000000, 29.024690
100.000000, 28.307920
100.000000, 27.599650
100.000000, 26.899900
100.000000, 26.208670
100.000000, 25.526000
100.000000, 24.851900
100.000000, 24.186380
100.000000, 23.529470
100.000000, 22.881180
100.000000, 22.241540
100.000000, 21.610550
100.000000, 20.988230
100.000000, 20.374620
100.000000, 19.769710
100.000000, 19.173540
100.000000, 18.586110
100.000000, 18.007450
100.000000, 17.437580
100.000000, 16.876510
100.000000, 16.324250
100.000000, 15.780840
100.000000, 15.246290
100.000000, 14.720600
100.000000, 14.203810
100.000000, 13.695940
100.000000, 13.196990
100.000000, 12.706980
100.000000, 12.225940
100.000000, 11.753890
100.000000, 11.290830
100.000000, 10.836790
100.000000, 10.391790
100.000000, 9.955850
100.000000, 9.528970
100.000000, 9.111190
100.000000, 8.702510
100.000000, 8.302960
100.000000, 7.912560
100.000000, 7.531320
100.000000, 7.159250
100.000000, 6.796390
100.000000, 6.442740
100.000000, 6.098330
100.000000, 5.763170
100.000000, 5.437280
100.000000, 5.120680
100.000000, 4.813380
100.000000, 4.515410
100.000000, 4.226780
100.000000, 3.947510
100.000000, 3.677620
100.000000, 3.417120
100.000000, 3.166040
100.000000, 2.924390
100.000000, 2.692200
100.000000, 2.469470
100.000000, 2.256220
100.000000, 2.052480
100.000000, 1.858260
100.000000, 1.673580
100.000000, 1.498460
100.000000, 1.332920
100.000000, 1.176970
100.000000, 1.030630
100.000000, 0.893920
100.000000, 0.766860
100.000000, 0.649470
100.000000, 0.541760
100.000000, 0.443750
100.000000, 0.355460
100.000000, 0.276910
100.000000, 0.208120
100.000000, 0.149100
100.000000, 0.099870
100.000000, 0.060450
100.000000, 0.030860
100.000000, 0.011120
100.000000, 0.001240
100.000000, 0.001240
100.000000, 0.011120
100.000000, 0.030860
100.000000, 0.060450
100.000000, 0.099870
100.000000, 0.149100
100.000000, 0.208120
100.000000, 0.276910
100.000000, 0.355460
100.000000, 0.443750
100.000000, 0.541760
100.000000, 0.649470
100.000000, 0.766860
100.000000, 0.893920
100.000000, 1.030630
100.000000, 1.176970
100.000000, 1.332920
100.000000, 1.498460
100.000000, 1.673580
100.000000, 1.858260
100.000000, 2.052480
100.000000, 2.256220
100.000000, 2.469470
100.000000, 2.692200
100.000000, 2.924390
100.000000, 3.166040
100.000000, 3.417120
100.000000, 3.677620
100.000000, 3.947510
100.000000, 4.226780
100.000000, 4.515410
100.000000, 4.813380
100.000000, 5.120680
100.000000, 5.437280
100.000000, 5.763170
100.000000, 6.098330
100.000000, 6.442740
100.000000, 6.796390
100.000000, 7.159250
100.000000, 7.531320
100.000000, 7.912560
100.000000, 8.302960
100.000000, 8.702510
100.000000, 9.111190
100.000000, 9.528970
100.000000, 9.955850
100.000000, 10.391790
100.000000, 10.836790
100.000000, 11.290830
100.000000, 11.753890
100.000000, 12.225940
100.000000, 12.706980
100.000000, 13.196990
100.000000, 13.695940
100.000000, 14.203810
100.000000, 14.720600
100.000000, 15.246290
100.000000, 15.780840
100.000000, 16.324250
100.000000, 16.876510
100.000000, 17.437580
100.000000, 18.007450
100.000000, 18.586110
100.000000, 19.173540
100.000000, 19.769710
100.000000, 20.374620
100.000000, 20.988230
100.000000, 21.610550
100.000000, 22.241540
100.000000, 22.881180
100.000000, 23.529470
100.000000, 24.186380
100.000000, 24.851900
100.000000, 25.526000
100.000000, 26.208670
100.000000, 26.899900
100.000000, 27.599650
100.000000, 28.307920
100.000000, 29.024690
100.000000, 29.749940
100.000000, 30.483640
100.000000, 31.225790
100.000000, 31.976370
100.000000, 32.735350
100.000000, 33.502720
100.000000, 34.278460
100.000000, 35.062550
100.000000, 35.854980
100.000000, 36.655730
100.000000, 37.464770
100.000000, 38.282100
100.000000, 39.107690
100.000000, 39.941520
100.000000, 40.783580
100.000000, 41.633850
100.000000, 42.492320
100.000000, 43.358950
100.000000, 44.233740
100.000000, 45.116670
100.000000, 46.007710
100.000000, 46.906860
100.000000, 47.814090
100.000000, 48.729380
100.000000, 49.652730
100.000000, 50.584100
100.000000, 51.523480
100.000000, 52.470860
100.000000, 53.426210
100.000000, 54.389520
100.000000, 55.360760
100.000000, 56.339930
100.000000, 57.327010
100.000000, 58.321960
100.000000, 59.324790
100.000000, 60.335460
100.000000, 61.353970
100.000000, 62.380290
100.000000, 63.414400
100.000000, 64.456290
100.000000, 65.505940
100.000000, 66.563340
100.000000, 67.628450
100.000000, 68.701270
100.000000, 69.781780
100.000000, 70.869960
100.000000, 71.965790
100.000000, 73.069250
100.000000, 74.180330
100.000000, 75.299980
100.000000, 76.427630
100.000000, 77.564480
100.000000, 78.710520
100.000000, 79.865750
100.000000, 81.030170
100.000000, 82.203760
100.000000, 83.386510
100.000000, 84.578420
100.000000, 85.779490
100.000000, 86.989690
100.000000, 88.209040
100.000000, 89.437510
100.000000, 90.675100
100.000000, 91.921810
100.000000, 93.177620
100.000000, 94.442530
100.000000, 95.716540
100.000000, 96.999620
100.000000, 98.291780
100.000000, 99.593020
100.000000, 100.903310
100.000000, 102.222650
100.000000, 103.551050
100.000000, 104.888480
100.000000, 106.234940
100.000000, 107.590430
100.000000, 108.954930
100.000000, 110.328440
100.000000, 111.710960
100.000000, 113.102460
100.000000, 114.502960
100.000000, 115.912430
100.000000, 117.330870
100.000000, 118.758280
100.000000, 120.194650
100.000000, 121.639960
100.000000, 123.094220
100.000000, 124.557410
100.000000, 126.029520
100.000000, 127.510560
100.000000, 129.000510
100.000000, 130.499360
100.000000, 132.007110
100.000000, 133.523740
100.000000, 135.049260
100.000000, 136.583660
100.000000, 138.126920
100.000000, 139.679040
100.000000, 141.240010
100.000000, 142.809820
100.000000, 144.388480
100.000000, 145.975960
100.000000, 147.572260
100.000000, 149.177380
100.000000, 150.791310
100.000000, 152.414030
100.000000, 154.045550
100.000000, 155.685850
100.000000, 157.334930
100.000000, 158.992780
100.000000, 160.659390
100.000000, 162.334750
100.000000, 164.018860
100.000000, 165.711720
100.000000, 167.413300
100.000000, 169.123610
100.000000, 170.842630
100.000000, 172.570370
100.000000, 174.306810
100.000000, 176.051940
100.000000, 177.805760
100.000000, 179.568260
100.000000, 181.339430
100.000000, 183.119270
100.000000, 184.907760
100.000000, 186.704910
100.000000, 188.510700
100.000000, 190.325120
100.000000, 192.148170
100.000000, 193.979840
100.000000, 195.820120
100.000000, 197.669000
100.000000, 199.526490
100.000000, 201.392560
100.000000, 203.267220
100.000000, 205.150450
100.000000, 207.042250
100.000000, 208.942610
100.000000, 210.851520
100.000000, 212.768980
100.000000, 214.694980
100.000000, 216.629500
100.000000, 218.572550
100.000000, 220.524120
100.000000, 222.484190
100.000000, 224.452760
100.000000, 226.429820
100.000000, 228.415370
100.000000, 230.409400
100.000000, 232.411900
100.000000, 234.422860
100.000000, 236.442280
100.000000, 238.470140
100.000000, 240.506450
100.000000, 242.551190
100.000000, 244.604350
100.000000, 246.665930
100.000000, 248.735930
100.000000, 250.814320
100.000000, 252.901110
100.000000, 254.996290
100.000000, 257.099850
100.000000, 259.211790
100.000000, 261.332090
100.000000, 263.460740
100.000000, 265.597750
100.000000, 267.743100
100.000000, 269.896790
100.000000, 272.058800
100.000000, 274.229140
100.000000, 276.407790
100.000000, 278.594740
100.000000, 280.790000
100.000000, 282.993540
100.000000, 285.205370
100.000000, 287.425480
100.000000, 289.653850
100.000000, 291.890480
100.000000, 294.135370
100.000000, 296.388500
100.000000, 298.654970
100.000000, 300.926780
100.000000, 303.208810
100.000000, 305.501060
100.000000, 307.803520
100.000000, 310.116190
100.000000, 312.439070
100.000000, 314.772160
100.000000, 317.115440
100.000000, 319.468920
100.000000, 321.832600
100.000000, 324.206460
100.000000, 326.590510
100.000000, 328.984740
100.000000, 331.389160
100.000000, 333.803740
100.000000, 336.228500
100.000000, 338.663430
100.000000, 341.108520
100.000000, 343.563770
100.000000, 346.029180
100.000000, 348.504740
100.000000, 350.990460
100.000000, 353.486320
100.000000, 355.992320
100.000000, 358.508470
100.000000, 1.034750
100.000000, 3.571160
100.000000, 6.117710
100.000000, 8.674370
100.000000, 11.241160
100.000000, 13.818070
100.000000, 16.405090
100.000000, 19.002230
100.000000, 21.609470
100.000000, 24.226820
100.000000, 26.854260
100.000000, 29.491810
100.000000, 32.139450
100.000000, 34.797170
100.000000, 37.464990
100.000000, 40.142880
100.000000, 42.830860
100.000000, 45.528910
100.000000, 48.237040
100.000000, 50.955230
100.000000, 53.683490
100.000000, 56.421810
100.000000, 59.170180
100.000000, 61.928610
100.000000, 64.697100
100.000000, 67.475630
100.000000, 70.264200
100.000000, 73.062810
100.000000, 75.871460
100.000000, 78.690150
100.000000, 81.518860
100.000000, 84.357600
100.000000, 87.206360
100.000000, 90.065140
100.000000, 92.933930
100.000000, 95.812740
100.000000, 98.701560
100.000000, 101.600370
100.000000, 104.509200
100.000000, 107.428010
100.000000, 110.356820
100.000000, 113.295630
100.000000, 116.244420
100.000000, 119.203190
100.000000, 122.171940
100.000000, 125.150670
100.000000, 128.139370
100.000000, 131.138040
100.000000, 134.146670
100.000000, 137.165270
100.000000, 140.193830
100.000000, 143.232340
100.000000, 146.280800
100.000000, 149.339210
100.000000, 152.407560
100.000000, 155.485850
100.000000, 158.574080
100.000000, 161.672250
100.000000, 164.780340
100.000000, 167.898360
100.000000, 171.026310
100.000000, 174.164170
100.000000, 177.311950
100.000000, 180.469640
100.000000, 183.637240
100.000000, 186.814740
100.000000, 190.002140
100.000000, 193.199450
100.000000, 196.406640
100.000000, 199.623730
100.000000, 202.850710
100.000000, 206.087570
100.000000, 209.334310
100.000000, 212.590920
100.000000, 215.857410
100.000000, 219.133770
100.000000, 222.419990
100.000000, 225.716080
100.000000, 229.022020
100.000000, 232.337820
100.000000, 235.663470
100.000000, 238.998970
100.000000, 242.344320
100.000000, 245.699500
100.000000, 249.064520
100.000000, 252.439380
100.000000, 255.824070
100.000000, 259.218580
100.000000, 262.622920
100.000000, 266.037070
100.000000, 269.461040
100.000000, 272.894830
100.000000, 276.338420
100.000000, 279.791820
100.000000, 283.255020
100.000000, 286.728020
100.000000, 290.210810
100.000000, 293.703400
100.000000, 297.205770
100.000000, 300.717930
100.000000, 304.239860
100.000000, 307.771580
100.000000, 311.313060
100.000000, 314.864320
100.000000, 318.425340
100.000000, 321.992190
100.000000, 325.572290
100.000000, 329.162050
100.000000, 332.761700
100.000000, 336.371440
100.000000, 339.991490
100.000000, 343.622070
100.000000, 347.263390
100.000000, 350.915670
100.000000, 354.579110
100.000000, 358.253950
100.000000, 1.940380
100.000000, 5.638630
100.000000, 9.348910
100.000000, 13.071440
100.000000, 16.806420
100.000000, 20.554080
100.000000, 24.314640
100.000000, 28.088290
100.000000, 31.875270
100.000000, 35.675780
100.000000, 39.490050
100.000000, 43.318280
100.000000, 47.160680
100.000000, 51.017490
100.000000, 54.888900
100.000000, 58.775140
100.000000, 62.676410
100.000000, 66.592950
100.000000, 70.524950
100.000000, 74.472630
100.000000, 78.436220
100.000000, 82.415920
100.000000, 86.411950
100.000000, 90.424520
100.000000, 94.453850
100.000000, 98.500160
100.000000, 102.563650
100.000000, 106.644550
100.000000, 110.743070
100.000000, 114.859420
100.000000, 118.993820
100.000000, 123.146480
100.000000, 127.317620
100.000000, 131.507450
100.000000, 135.716200
100.000000, 139.944060
100.000000, 144.191270
100.000000, 148.458030
100.000000, 152.744550
100.000000, 157.051060
100.000000, 161.377770
100.000000, 165.724700
100.000000, 170.110780
100.000000, 174.536260
100.000000, 179.002170
100.000000, 183.509560
100.000000, 188.059480
100.000000, 192.652960
100.000000, 197.291050
100.000000, 201.974790
100.000000, 206.705230
100.000000, 211.483410
100.000000, 216.310370
100.000000, 221.187160
100.000000, 226.114810
100.000000, 231.094380
100.000000, 236.126910
100.000000, 241.213440
100.000000, 246.355010
100.000000, 251.552660
100.000000, 256.807450
100.000000, 262.120400
100.000000, 267.492570
100.000000, 272.925010
100.000000, 278.418740
100.000000, 283.974820
100.000000, 289.594290
100.000000, 295.282260
100.000000, 301.052500
100.000000, 306.916740
100.000000, 312.880310
100.000000, 318.948540
100.000000, 325.126740
100.000000, 331.420230
100.000000, 337.834350
100.000000, 344.374420
100.000000, 351.045750
100.000000, 357.853680
100.000000, 4.803520
100.000000, 11.900600
100.000000, 19.150240
100.000000, 26.557760
100.000000, 34.128490
100.000000, 41.867750
100.000000, 49.780860
100.000000, 57.873150
100.000000, 66.149940
100.000000, 74.616550
100.000000, 83.278310
100.000000, 92.140540
100.000000, 101.208550
100.000000, 110.487690
100.000000, 119.983260
100.000000, 129.700600
100.000000, 139.645010
100.000000, 149.821840
100.000000, 160.236400
100.000000, 170.894010
100.000000, 181.800000
##END=
