##TITLE= dfs
##JCAMP-DX= 5.00 Bruker JCAMP library
##DATA TYPE= Shape Data
##ORIGIN= Bruker BioSpin GmbH
##OWNER= <BRUKER>
##DATE= 13/12/20
##TIME= 16:28:53
##MINX= -9.999987e+01
##MAXX= 1.000000e+02
##MINY= 0.000000e+00
##MAXY= 0.000000e+00
##$SHAPE_EXMODE= None
##$SHAPE_TOTROT= 9.000000e+01
##$SHAPE_TYPE=
##$SHAPE_USER_DEF=
##$SHAPE_REPHFAC=
##$SHAPE_BWFAC= 0.000000e+00
##$SHAPE_BWFAC50=
##$SHAPE_INTEGFAC= 1.00000e+00
##$SHAPE_MODE= 0
##NPOINTS= 2000
##XYPOINTS= (XY..XY)
0.000000e+00, 0.000000e+00
7.853742e-01, 0.000000e+00
1.570602e+00, 0.000000e+00
2.355527e+00, 0.000000e+00
3.139984e+00, 0.000000e+00
3.923800e+00, 0.000000e+00
4.706788e+00, 0.000000e+00
5.488753e+00, 0.000000e+00
6.269490e+00, 0.000000e+00
7.048782e+00, 0.000000e+00
7.826402e+00, 0.000000e+00
8.602110e+00, 0.000000e+00
9.375657e+00, 0.000000e+00
1.014678e+01, 0.000000e+00
1.091521e+01, 0.000000e+00
1.168066e+01, 0.000000e+00
1.244282e+01, 0.000000e+00
1.320141e+01, 0.000000e+00
1.395608e+01, 0.000000e+00
1.470651e+01, 0.000000e+00
1.545235e+01, 0.000000e+00
1.619324e+01, 0.000000e+00
1.692881e+01, 0.000000e+00
1.765868e+01, 0.000000e+00
1.838245e+01, 0.000000e+00
1.909970e+01, 0.000000e+00
1.981002e+01, 0.000000e+00
2.051297e+01, 0.000000e+00
2.120811e+01, 0.000000e+00
2.189496e+01, 0.000000e+00
2.257306e+01, 0.000000e+00
2.324192e+01, 0.000000e+00
2.390104e+01, 0.000000e+00
2.454991e+01, 0.000000e+00
2.518801e+01, 0.000000e+00
2.581480e+01, 0.000000e+00
2.642972e+01, 0.000000e+00
2.703223e+01, 0.000000e+00
2.762175e+01, 0.000000e+00
2.819770e+01, 0.000000e+00
2.875948e+01, 0.000000e+00
2.930649e+01, 0.000000e+00
2.983811e+01, 0.000000e+00
3.035373e+01, 0.000000e+00
3.085270e+01, 0.000000e+00
3.133438e+01, 0.000000e+00
3.179812e+01, 0.000000e+00
3.224326e+01, 0.000000e+00
3.266913e+01, 0.000000e+00
3.307506e+01, 0.000000e+00
3.346036e+01, 0.000000e+00
3.382435e+01, 0.000000e+00
3.416632e+01, 0.000000e+00
3.448558e+01, 0.000000e+00
3.478144e+01, 0.000000e+00
3.505317e+01, 0.000000e+00
3.530008e+01, 0.000000e+00
3.552146e+01, 0.000000e+00
3.571658e+01, 0.000000e+00
3.588474e+01, 0.000000e+00
3.602523e+01, 0.000000e+00
3.613734e+01, 0.000000e+00
3.622036e+01, 0.000000e+00
3.627360e+01, 0.000000e+00
3.629634e+01, 0.000000e+00
3.628790e+01, 0.000000e+00
3.624760e+01, 0.000000e+00
3.617475e+01, 0.000000e+00
3.606869e+01, 0.000000e+00
3.592876e+01, 0.000000e+00
3.575432e+01, 0.000000e+00
3.554472e+01, 0.000000e+00
3.529936e+01, 0.000000e+00
3.501762e+01, 0.000000e+00
3.469893e+01, 0.000000e+00
3.434271e+01, 0.000000e+00
3.394841e+01, 0.000000e+00
3.351551e+01, 0.000000e+00
3.304351e+01, 0.000000e+00
3.253191e+01, 0.000000e+00
3.198028e+01, 0.000000e+00
3.138817e+01, 0.000000e+00
3.075518e+01, 0.000000e+00
3.008096e+01, 0.000000e+00
2.936516e+01, 0.000000e+00
2.860748e+01, 0.000000e+00
2.780765e+01, 0.000000e+00
2.696543e+01, 0.000000e+00
2.608063e+01, 0.000000e+00
2.515311e+01, 0.000000e+00
2.418273e+01, 0.000000e+00
2.316945e+01, 0.000000e+00
2.211321e+01, 0.000000e+00
2.101406e+01, 0.000000e+00
1.987206e+01, 0.000000e+00
1.868732e+01, 0.000000e+00
1.746002e+01, 0.000000e+00
1.619038e+01, 0.000000e+00
1.487866e+01, 0.000000e+00
1.352521e+01, 0.000000e+00
1.213040e+01, 0.000000e+00
1.069469e+01, 0.000000e+00
9.218583e+00, 0.000000e+00
7.702641e+00, 0.000000e+00
6.147494e+00, 0.000000e+00
4.553835e+00, 0.000000e+00
2.922420e+00, 0.000000e+00
1.254071e+00, 0.000000e+00
-4.503223e-01, 0.000000e+00
-2.189804e+00, 0.000000e+00
-3.963347e+00, 0.000000e+00
-5.769859e+00, 0.000000e+00
-7.608174e+00, 0.000000e+00
-9.477057e+00, 0.000000e+00
-1.137520e+01, 0.000000e+00
-1.330123e+01, 0.000000e+00
-1.525369e+01, 0.000000e+00
-1.723106e+01, 0.000000e+00
-1.923175e+01, 0.000000e+00
-2.125408e+01, 0.000000e+00
-2.329632e+01, 0.000000e+00
-2.535667e+01, 0.000000e+00
-2.743322e+01, 0.000000e+00
-2.952404e+01, 0.000000e+00
-3.162710e+01, 0.000000e+00
-3.374031e+01, 0.000000e+00
-3.586150e+01, 0.000000e+00
-3.798844e+01, 0.000000e+00
-4.011885e+01, 0.000000e+00
-4.225035e+01, 0.000000e+00
-4.438054e+01, 0.000000e+00
-4.650692e+01, 0.000000e+00
-4.862695e+01, 0.000000e+00
-5.073804e+01, 0.000000e+00
-5.283752e+01, 0.000000e+00
-5.492269e+01, 0.000000e+00
-5.699080e+01, 0.000000e+00
-5.903904e+01, 0.000000e+00
-6.106456e+01, 0.000000e+00
-6.306448e+01, 0.000000e+00
-6.503587e+01, 0.000000e+00
-6.697577e+01, 0.000000e+00
-6.888120e+01, 0.000000e+00
-7.074914e+01, 0.000000e+00
-7.257655e+01, 0.000000e+00
-7.436039e+01, 0.000000e+00
-7.609758e+01, 0.000000e+00
-7.778504e+01, 0.000000e+00
-7.941972e+01, 0.000000e+00
-8.099852e+01, 0.000000e+00
-8.251837e+01, 0.000000e+00
-8.397622e+01, 0.000000e+00
-8.536904e+01, 0.000000e+00
-8.669379e+01, 0.000000e+00
-8.794750e+01, 0.000000e+00
-8.912722e+01, 0.000000e+00
-9.023002e+01, 0.000000e+00
-9.125305e+01, 0.000000e+00
-9.219349e+01, 0.000000e+00
-9.304859e+01, 0.000000e+00
-9.381567e+01, 0.000000e+00
-9.449211e+01, 0.000000e+00
-9.507539e+01, 0.000000e+00
-9.556304e+01, 0.000000e+00
-9.595272e+01, 0.000000e+00
-9.624218e+01, 0.000000e+00
-9.642926e+01, 0.000000e+00
-9.651192e+01, 0.000000e+00
-9.648825e+01, 0.000000e+00
-9.635646e+01, 0.000000e+00
-9.611490e+01, 0.000000e+00
-9.576203e+01, 0.000000e+00
-9.529650e+01, 0.000000e+00
-9.471708e+01, 0.000000e+00
-9.402272e+01, 0.000000e+00
-9.321251e+01, 0.000000e+00
-9.228574e+01, 0.000000e+00
-9.124185e+01, 0.000000e+00
-9.008048e+01, 0.000000e+00
-8.880146e+01, 0.000000e+00
-8.740480e+01, 0.000000e+00
-8.589071e+01, 0.000000e+00
-8.425962e+01, 0.000000e+00
-8.251214e+01, 0.000000e+00
-8.064911e+01, 0.000000e+00
-7.867158e+01, 0.000000e+00
-7.658083e+01, 0.000000e+00
-7.437834e+01, 0.000000e+00
-7.206582e+01, 0.000000e+00
-6.964521e+01, 0.000000e+00
-6.711869e+01, 0.000000e+00
-6.448866e+01, 0.000000e+00
-6.175773e+01, 0.000000e+00
-5.892876e+01, 0.000000e+00
-5.600485e+01, 0.000000e+00
-5.298932e+01, 0.000000e+00
-4.988570e+01, 0.000000e+00
-4.669777e+01, 0.000000e+00
-4.342953e+01, 0.000000e+00
-4.008520e+01, 0.000000e+00
-3.666921e+01, 0.000000e+00
-3.318724e+01, 0.000000e+00
-2.964473e+01, 0.000000e+00
-2.604607e+01, 0.000000e+00
-2.239583e+01, 0.000000e+00
-1.869876e+01, 0.000000e+00
-1.495978e+01, 0.000000e+00
-1.118398e+01, 0.000000e+00
-7.376587e+00, 0.000000e+00
-3.543019e+00, 0.000000e+00
3.111728e-01, 0.000000e+00
4.180290e+00, 0.000000e+00
8.058498e+00, 0.000000e+00
1.193983e+01, 0.000000e+00
1.581820e+01, 0.000000e+00
1.968742e+01, 0.000000e+00
2.354116e+01, 0.000000e+00
2.737305e+01, 0.000000e+00
3.117659e+01, 0.000000e+00
3.494523e+01, 0.000000e+00
3.867234e+01, 0.000000e+00
4.235127e+01, 0.000000e+00
4.597529e+01, 0.000000e+00
4.953768e+01, 0.000000e+00
5.303167e+01, 0.000000e+00
5.645051e+01, 0.000000e+00
5.978747e+01, 0.000000e+00
6.303584e+01, 0.000000e+00
6.618893e+01, 0.000000e+00
6.924014e+01, 0.000000e+00
7.218291e+01, 0.000000e+00
7.501080e+01, 0.000000e+00
7.771743e+01, 0.000000e+00
8.029658e+01, 0.000000e+00
8.274214e+01, 0.000000e+00
8.504815e+01, 0.000000e+00
8.720883e+01, 0.000000e+00
8.921857e+01, 0.000000e+00
9.107197e+01, 0.000000e+00
9.276384e+01, 0.000000e+00
9.428922e+01, 0.000000e+00
9.564340e+01, 0.000000e+00
9.682194e+01, 0.000000e+00
9.782069e+01, 0.000000e+00
9.863578e+01, 0.000000e+00
9.926366e+01, 0.000000e+00
9.970112e+01, 0.000000e+00
9.994527e+01, 0.000000e+00
9.999360e+01, 0.000000e+00
9.984396e+01, 0.000000e+00
9.949460e+01, 0.000000e+00
9.894415e+01, 0.000000e+00
9.819167e+01, 0.000000e+00
9.723663e+01, 0.000000e+00
9.607894e+01, 0.000000e+00
9.471896e+01, 0.000000e+00
9.315749e+01, 0.000000e+00
9.139581e+01, 0.000000e+00
8.943567e+01, 0.000000e+00
8.727926e+01, 0.000000e+00
8.492931e+01, 0.000000e+00
8.238899e+01, 0.000000e+00
7.966199e+01, 0.000000e+00
7.675246e+01, 0.000000e+00
7.366507e+01, 0.000000e+00
7.040498e+01, 0.000000e+00
6.697782e+01, 0.000000e+00
6.338972e+01, 0.000000e+00
5.964730e+01, 0.000000e+00
5.575764e+01, 0.000000e+00
5.172830e+01, 0.000000e+00
4.756729e+01, 0.000000e+00
4.328308e+01, 0.000000e+00
3.888456e+01, 0.000000e+00
3.438107e+01, 0.000000e+00
2.978233e+01, 0.000000e+00
2.509847e+01, 0.000000e+00
2.033997e+01, 0.000000e+00
1.551770e+01, 0.000000e+00
1.064283e+01, 0.000000e+00
5.726853e+00, 0.000000e+00
7.815398e-01, 0.000000e+00
-4.181075e+00, 0.000000e+00
-9.148727e+00, 0.000000e+00
-1.410895e+01, 0.000000e+00
-1.904910e+01, 0.000000e+00
-2.395640e+01, 0.000000e+00
-2.881796e+01, 0.000000e+00
-3.362082e+01, 0.000000e+00
-3.835196e+01, 0.000000e+00
-4.299838e+01, 0.000000e+00
-4.754711e+01, 0.000000e+00
-5.198522e+01, 0.000000e+00
-5.629994e+01, 0.000000e+00
-6.047860e+01, 0.000000e+00
-6.450875e+01, 0.000000e+00
-6.837814e+01, 0.000000e+00
-7.207482e+01, 0.000000e+00
-7.558712e+01, 0.000000e+00
-7.890373e+01, 0.000000e+00
-8.201374e+01, 0.000000e+00
-8.490665e+01, 0.000000e+00
-8.757246e+01, 0.000000e+00
-9.000165e+01, 0.000000e+00
-9.218526e+01, 0.000000e+00
-9.411493e+01, 0.000000e+00
-9.578292e+01, 0.000000e+00
-9.718213e+01, 0.000000e+00
-9.830620e+01, 0.000000e+00
-9.914946e+01, 0.000000e+00
-9.970701e+01, 0.000000e+00
-9.997477e+01, 0.000000e+00
-9.994945e+01, 0.000000e+00
-9.962863e+01, 0.000000e+00
-9.901074e+01, 0.000000e+00
-9.809513e+01, 0.000000e+00
-9.688203e+01, 0.000000e+00
-9.537265e+01, 0.000000e+00
-9.356910e+01, 0.000000e+00
-9.147447e+01, 0.000000e+00
-8.909280e+01, 0.000000e+00
-8.642912e+01, 0.000000e+00
-8.348942e+01, 0.000000e+00
-8.028065e+01, 0.000000e+00
-7.681076e+01, 0.000000e+00
-7.308861e+01, 0.000000e+00
-6.912405e+01, 0.000000e+00
-6.492783e+01, 0.000000e+00
-6.051164e+01, 0.000000e+00
-5.588803e+01, 0.000000e+00
-5.107043e+01, 0.000000e+00
-4.607310e+01, 0.000000e+00
-4.091109e+01, 0.000000e+00
-3.560022e+01, 0.000000e+00
-3.015702e+01, 0.000000e+00
-2.459870e+01, 0.000000e+00
-1.894310e+01, 0.000000e+00
-1.320862e+01, 0.000000e+00
-7.414201e+00, 0.000000e+00
-1.579217e+00, 0.000000e+00
4.276542e+00, 0.000000e+00
1.013296e+01, 0.000000e+00
1.596964e+01, 0.000000e+00
2.176601e+01, 0.000000e+00
2.750135e+01, 0.000000e+00
3.315492e+01, 0.000000e+00
3.870597e+01, 0.000000e+00
4.413387e+01, 0.000000e+00
4.941817e+01, 0.000000e+00
5.453870e+01, 0.000000e+00
5.947561e+01, 0.000000e+00
6.420948e+01, 0.000000e+00
6.872141e+01, 0.000000e+00
7.299308e+01, 0.000000e+00
7.700683e+01, 0.000000e+00
8.074576e+01, 0.000000e+00
8.419381e+01, 0.000000e+00
8.733582e+01, 0.000000e+00
9.015758e+01, 0.000000e+00
9.264599e+01, 0.000000e+00
9.478903e+01, 0.000000e+00
9.657590e+01, 0.000000e+00
9.799704e+01, 0.000000e+00
9.904421e+01, 0.000000e+00
9.971056e+01, 0.000000e+00
9.999064e+01, 0.000000e+00
9.988049e+01, 0.000000e+00
9.937764e+01, 0.000000e+00
9.848120e+01, 0.000000e+00
9.719183e+01, 0.000000e+00
9.551181e+01, 0.000000e+00
9.344504e+01, 0.000000e+00
9.099705e+01, 0.000000e+00
8.817499e+01, 0.000000e+00
8.498767e+01, 0.000000e+00
8.144551e+01, 0.000000e+00
7.756054e+01, 0.000000e+00
7.334637e+01, 0.000000e+00
6.881817e+01, 0.000000e+00
6.399260e+01, 0.000000e+00
5.888782e+01, 0.000000e+00
5.352335e+01, 0.000000e+00
4.792011e+01, 0.000000e+00
4.210026e+01, 0.000000e+00
3.608717e+01, 0.000000e+00
2.990533e+01, 0.000000e+00
2.358026e+01, 0.000000e+00
1.713841e+01, 0.000000e+00
1.060705e+01, 0.000000e+00
4.014156e+00, 0.000000e+00
-2.611672e+00, 0.000000e+00
-9.241371e+00, 0.000000e+00
-1.584551e+01, 0.000000e+00
-2.239445e+01, 0.000000e+00
-2.885844e+01, 0.000000e+00
-3.520778e+01, 0.000000e+00
-4.141296e+01, 0.000000e+00
-4.744476e+01, 0.000000e+00
-5.327448e+01, 0.000000e+00
-5.887397e+01, 0.000000e+00
-6.421587e+01, 0.000000e+00
-6.927369e+01, 0.000000e+00
-7.402199e+01, 0.000000e+00
-7.843649e+01, 0.000000e+00
-8.249422e+01, 0.000000e+00
-8.617364e+01, 0.000000e+00
-8.945478e+01, 0.000000e+00
-9.231936e+01, 0.000000e+00
-9.475091e+01, 0.000000e+00
-9.673485e+01, 0.000000e+00
-9.825864e+01, 0.000000e+00
-9.931181e+01, 0.000000e+00
-9.988613e+01, 0.000000e+00
-9.997561e+01, 0.000000e+00
-9.957657e+01, 0.000000e+00
-9.868777e+01, 0.000000e+00
-9.731036e+01, 0.000000e+00
-9.544795e+01, 0.000000e+00
-9.310666e+01, 0.000000e+00
-9.029508e+01, 0.000000e+00
-8.702426e+01, 0.000000e+00
-8.330775e+01, 0.000000e+00
-7.916150e+01, 0.000000e+00
-7.460385e+01, 0.000000e+00
-6.965547e+01, 0.000000e+00
-6.433927e+01, 0.000000e+00
-5.868033e+01, 0.000000e+00
-5.270577e+01, 0.000000e+00
-4.644470e+01, 0.000000e+00
-3.992800e+01, 0.000000e+00
-3.318828e+01, 0.000000e+00
-2.625964e+01, 0.000000e+00
-1.917760e+01, 0.000000e+00
-1.197884e+01, 0.000000e+00
-4.701069e+00, 0.000000e+00
2.617171e+00, 0.000000e+00
9.936719e+00, 0.000000e+00
1.721799e+01, 0.000000e+00
2.442120e+01, 0.000000e+00
3.150656e+01, 0.000000e+00
3.843453e+01, 0.000000e+00
4.516603e+01, 0.000000e+00
5.166265e+01, 0.000000e+00
5.788690e+01, 0.000000e+00
6.380244e+01, 0.000000e+00
6.937427e+01, 0.000000e+00
7.456899e+01, 0.000000e+00
7.935497e+01, 0.000000e+00
8.370262e+01, 0.000000e+00
8.758452e+01, 0.000000e+00
9.097566e+01, 0.000000e+00
9.385360e+01, 0.000000e+00
9.619865e+01, 0.000000e+00
9.799400e+01, 0.000000e+00
9.922590e+01, 0.000000e+00
9.988374e+01, 0.000000e+00
9.996020e+01, 0.000000e+00
9.945131e+01, 0.000000e+00
9.835652e+01, 0.000000e+00
9.667877e+01, 0.000000e+00
9.442454e+01, 0.000000e+00
9.160378e+01, 0.000000e+00
8.823001e+01, 0.000000e+00
8.432019e+01, 0.000000e+00
7.989471e+01, 0.000000e+00
7.497732e+01, 0.000000e+00
6.959500e+01, 0.000000e+00
6.377787e+01, 0.000000e+00
5.755901e+01, 0.000000e+00
5.097433e+01, 0.000000e+00
4.406235e+01, 0.000000e+00
3.686403e+01, 0.000000e+00
2.942251e+01, 0.000000e+00
2.178288e+01, 0.000000e+00
1.399194e+01, 0.000000e+00
6.097882e+00, 0.000000e+00
-1.849961e+00, 0.000000e+00
-9.801440e+00, 0.000000e+00
-1.770590e+01, 0.000000e+00
-2.551248e+01, 0.000000e+00
-3.317049e+01, 0.000000e+00
-4.062968e+01, 0.000000e+00
-4.784064e+01, 0.000000e+00
-5.475508e+01, 0.000000e+00
-6.132621e+01, 0.000000e+00
-6.750905e+01, 0.000000e+00
-7.326074e+01, 0.000000e+00
-7.854089e+01, 0.000000e+00
-8.331183e+01, 0.000000e+00
-8.753897e+01, 0.000000e+00
-9.119103e+01, 0.000000e+00
-9.424027e+01, 0.000000e+00
-9.666281e+01, 0.000000e+00
-9.843875e+01, 0.000000e+00
-9.955243e+01, 0.000000e+00
-9.999255e+01, 0.000000e+00
-9.975233e+01, 0.000000e+00
-9.882961e+01, 0.000000e+00
-9.722689e+01, 0.000000e+00
-9.495146e+01, 0.000000e+00
-9.201531e+01, 0.000000e+00
-8.843518e+01, 0.000000e+00
-8.423246e+01, 0.000000e+00
-7.943314e+01, 0.000000e+00
-7.406763e+01, 0.000000e+00
-6.817065e+01, 0.000000e+00
-6.178102e+01, 0.000000e+00
-5.494142e+01, 0.000000e+00
-4.769815e+01, 0.000000e+00
-4.010084e+01, 0.000000e+00
-3.220210e+01, 0.000000e+00
-2.405725e+01, 0.000000e+00
-1.572385e+01, 0.000000e+00
-7.261385e+00, 0.000000e+00
1.269176e+00, 0.000000e+00
9.805820e+00, 0.000000e+00
1.828593e+01, 0.000000e+00
2.664673e+01, 0.000000e+00
3.482578e+01, 0.000000e+00
4.276142e+01, 0.000000e+00
5.039327e+01, 0.000000e+00
5.766268e+01, 0.000000e+00
6.451319e+01, 0.000000e+00
7.089103e+01, 0.000000e+00
7.674551e+01, 0.000000e+00
8.202947e+01, 0.000000e+00
8.669971e+01, 0.000000e+00
9.071732e+01, 0.000000e+00
9.404808e+01, 0.000000e+00
9.666277e+01, 0.000000e+00
9.853743e+01, 0.000000e+00
9.965366e+01, 0.000000e+00
9.999880e+01, 0.000000e+00
9.956612e+01, 0.000000e+00
9.835493e+01, 0.000000e+00
9.637065e+01, 0.000000e+00
9.362488e+01, 0.000000e+00
9.013534e+01, 0.000000e+00
8.592584e+01, 0.000000e+00
8.102613e+01, 0.000000e+00
7.547176e+01, 0.000000e+00
6.930384e+01, 0.000000e+00
6.256878e+01, 0.000000e+00
5.531799e+01, 0.000000e+00
4.760751e+01, 0.000000e+00
3.949761e+01, 0.000000e+00
3.105232e+01, 0.000000e+00
2.233900e+01, 0.000000e+00
1.342778e+01, 0.000000e+00
4.391003e+00, 0.000000e+00
-4.697301e+00, 0.000000e+00
-1.376206e+01, 0.000000e+00
-2.272777e+01, 0.000000e+00
-3.151909e+01, 0.000000e+00
-4.006153e+01, 0.000000e+00
-4.828206e+01, 0.000000e+00
-5.610977e+01, 0.000000e+00
-6.347647e+01, 0.000000e+00
-7.031731e+01, 0.000000e+00
-7.657142e+01, 0.000000e+00
-8.218243e+01, 0.000000e+00
-8.709902e+01, 0.000000e+00
-9.127545e+01, 0.000000e+00
-9.467199e+01, 0.000000e+00
-9.725534e+01, 0.000000e+00
-9.899904e+01, 0.000000e+00
-9.988372e+01, 0.000000e+00
-9.989739e+01, 0.000000e+00
-9.903563e+01, 0.000000e+00
-9.730170e+01, 0.000000e+00
-9.470660e+01, 0.000000e+00
-9.126909e+01, 0.000000e+00
-8.701559e+01, 0.000000e+00
-8.198000e+01, 0.000000e+00
-7.620356e+01, 0.000000e+00
-6.973447e+01, 0.000000e+00
-6.262761e+01, 0.000000e+00
-5.494405e+01, 0.000000e+00
-4.675061e+01, 0.000000e+00
-3.811932e+01, 0.000000e+00
-2.912677e+01, 0.000000e+00
-1.985349e+01, 0.000000e+00
-1.038324e+01, 0.000000e+00
-8.022841e-01, 0.000000e+00
8.801401e+00, 0.000000e+00
1.833892e+01, 0.000000e+00
2.772128e+01, 0.000000e+00
3.686023e+01, 0.000000e+00
4.566910e+01, 0.000000e+00
5.406361e+01, 0.000000e+00
6.196276e+01, 0.000000e+00
6.928956e+01, 0.000000e+00
7.597186e+01, 0.000000e+00
8.194309e+01, 0.000000e+00
8.714292e+01, 0.000000e+00
9.151797e+01, 0.000000e+00
9.502236e+01, 0.000000e+00
9.761824e+01, 0.000000e+00
9.927627e+01, 0.000000e+00
9.997597e+01, 0.000000e+00
9.970605e+01, 0.000000e+00
9.846459e+01, 0.000000e+00
9.625918e+01, 0.000000e+00
9.310695e+01, 0.000000e+00
8.903449e+01, 0.000000e+00
8.407770e+01, 0.000000e+00
7.828154e+01, 0.000000e+00
7.169967e+01, 0.000000e+00
6.439400e+01, 0.000000e+00
5.643417e+01, 0.000000e+00
4.789693e+01, 0.000000e+00
3.886545e+01, 0.000000e+00
2.942852e+01, 0.000000e+00
1.967971e+01, 0.000000e+00
9.716511e+00, 0.000000e+00
-3.606773e-01, 0.000000e+00
-1.044951e+01, 0.000000e+00
-2.044675e+01, 0.000000e+00
-3.024931e+01, 0.000000e+00
-3.975531e+01, 0.000000e+00
-4.886521e+01, 0.000000e+00
-5.748278e+01, 0.000000e+00
-6.551621e+01, 0.000000e+00
-7.287911e+01, 0.000000e+00
-7.949143e+01, 0.000000e+00
-8.528044e+01, 0.000000e+00
-9.018150e+01, 0.000000e+00
-9.413892e+01, 0.000000e+00
-9.710655e+01, 0.000000e+00
-9.904846e+01, 0.000000e+00
-9.993936e+01, 0.000000e+00
-9.976504e+01, 0.000000e+00
-9.852261e+01, 0.000000e+00
-9.622063e+01, 0.000000e+00
-9.287920e+01, 0.000000e+00
-8.852978e+01, 0.000000e+00
-8.321505e+01, 0.000000e+00
-7.698848e+01, 0.000000e+00
-6.991392e+01, 0.000000e+00
-6.206497e+01, 0.000000e+00
-5.352428e+01, 0.000000e+00
-4.438275e+01, 0.000000e+00
-3.473855e+01, 0.000000e+00
-2.469618e+01, 0.000000e+00
-1.436531e+01, 0.000000e+00
-3.859633e+00, 0.000000e+00
6.704366e+00, 0.000000e+00
1.720870e+01, 0.000000e+00
2.753520e+01, 0.000000e+00
3.756683e+01, 0.000000e+00
4.718904e+01, 0.000000e+00
5.629111e+01, 0.000000e+00
6.476740e+01, 0.000000e+00
7.251868e+01, 0.000000e+00
7.945328e+01, 0.000000e+00
8.548822e+01, 0.000000e+00
9.055031e+01, 0.000000e+00
9.457703e+01, 0.000000e+00
9.751741e+01, 0.000000e+00
9.933271e+01, 0.000000e+00
9.999701e+01, 0.000000e+00
9.949764e+01, 0.000000e+00
9.783545e+01, 0.000000e+00
9.502496e+01, 0.000000e+00
9.109429e+01, 0.000000e+00
8.608500e+01, 0.000000e+00
8.005171e+01, 0.000000e+00
7.306157e+01, 0.000000e+00
6.519362e+01, 0.000000e+00
5.653792e+01, 0.000000e+00
4.719459e+01, 0.000000e+00
3.727272e+01, 0.000000e+00
2.688916e+01, 0.000000e+00
1.616710e+01, 0.000000e+00
5.234747e+00, 0.000000e+00
-5.776276e+00, 0.000000e+00
-1.673245e+01, 0.000000e+00
-2.749999e+01, 0.000000e+00
-3.794650e+01, 0.000000e+00
-4.794259e+01, 0.000000e+00
-5.736351e+01, 0.000000e+00
-6.609074e+01, 0.000000e+00
-7.401354e+01, 0.000000e+00
-8.103037e+01, 0.000000e+00
-8.705026e+01, 0.000000e+00
-9.199407e+01, 0.000000e+00
-9.579555e+01, 0.000000e+00
-9.840236e+01, 0.000000e+00
-9.977681e+01, 0.000000e+00
-9.989651e+01, 0.000000e+00
-9.875478e+01, 0.000000e+00
-9.636091e+01, 0.000000e+00
-9.274017e+01, 0.000000e+00
-8.793365e+01, 0.000000e+00
-8.199791e+01, 0.000000e+00
-7.500435e+01, 0.000000e+00
-6.703848e+01, 0.000000e+00
-5.819891e+01, 0.000000e+00
-4.859623e+01, 0.000000e+00
-3.835167e+01, 0.000000e+00
-2.759563e+01, 0.000000e+00
-1.646604e+01, 0.000000e+00
-5.106677e+00, 0.000000e+00
6.334732e+00, 0.000000e+00
1.770837e+01, 0.000000e+00
2.886431e+01, 0.000000e+00
3.965449e+01, 0.000000e+00
4.993470e+01, 0.000000e+00
5.956654e+01, 0.000000e+00
6.841930e+01, 0.000000e+00
7.637183e+01, 0.000000e+00
8.331418e+01, 0.000000e+00
8.914926e+01, 0.000000e+00
9.379422e+01, 0.000000e+00
9.718173e+01, 0.000000e+00
9.926100e+01, 0.000000e+00
9.999866e+01, 0.000000e+00
9.937939e+01, 0.000000e+00
9.740624e+01, 0.000000e+00
9.410079e+01, 0.000000e+00
8.950306e+01, 0.000000e+00
8.367105e+01, 0.000000e+00
7.668018e+01, 0.000000e+00
6.862236e+01, 0.000000e+00
5.960491e+01, 0.000000e+00
4.974913e+01, 0.000000e+00
3.918885e+01, 0.000000e+00
2.806855e+01, 0.000000e+00
1.654153e+01, 0.000000e+00
4.767786e+00, 0.000000e+00
-7.088173e+00, 0.000000e+00
-1.885961e+01, 0.000000e+00
-3.037990e+01, 0.000000e+00
-4.148490e+01, 0.000000e+00
-5.201529e+01, 0.000000e+00
-6.181895e+01, 0.000000e+00
-7.075312e+01, 0.000000e+00
-7.868658e+01, 0.000000e+00
-8.550167e+01, 0.000000e+00
-9.109604e+01, 0.000000e+00
-9.538432e+01, 0.000000e+00
-9.829948e+01, 0.000000e+00
-9.979401e+01, 0.000000e+00
-9.984075e+01, 0.000000e+00
-9.843346e+01, 0.000000e+00
-9.558715e+01, 0.000000e+00
-9.133800e+01, 0.000000e+00
-8.574304e+01, 0.000000e+00
-7.887949e+01, 0.000000e+00
-7.084379e+01, 0.000000e+00
-6.175037e+01, 0.000000e+00
-5.173005e+01, 0.000000e+00
-4.092830e+01, 0.000000e+00
-2.950316e+01, 0.000000e+00
-1.762298e+01, 0.000000e+00
-5.464026e+00, 0.000000e+00
6.792174e+00, 0.000000e+00
1.896146e+01, 0.000000e+00
3.085985e+01, 0.000000e+00
4.230628e+01, 0.000000e+00
5.312543e+01, 0.000000e+00
6.315045e+01, 0.000000e+00
7.222553e+01, 0.000000e+00
8.020844e+01, 0.000000e+00
8.697281e+01, 0.000000e+00
9.241019e+01, 0.000000e+00
9.643194e+01, 0.000000e+00
9.897072e+01, 0.000000e+00
9.998174e+01, 0.000000e+00
9.944365e+01, 0.000000e+00
9.735909e+01, 0.000000e+00
9.375481e+01, 0.000000e+00
8.868154e+01, 0.000000e+00
8.221331e+01, 0.000000e+00
7.444656e+01, 0.000000e+00
6.549876e+01, 0.000000e+00
5.550677e+01, 0.000000e+00
4.462481e+01, 0.000000e+00
3.302218e+01, 0.000000e+00
2.088068e+01, 0.000000e+00
8.391797e+00, 0.000000e+00
-4.246238e+00, 0.000000e+00
-1.683160e+01, 0.000000e+00
-2.916210e+01, 0.000000e+00
-4.103839e+01, 0.000000e+00
-5.226728e+01, 0.000000e+00
-6.266484e+01, 0.000000e+00
-7.205957e+01, 0.000000e+00
-8.029518e+01, 0.000000e+00
-8.723335e+01, 0.000000e+00
-9.275615e+01, 0.000000e+00
-9.676807e+01, 0.000000e+00
-9.919786e+01, 0.000000e+00
-9.999987e+01, 0.000000e+00
-9.915503e+01, 0.000000e+00
-9.667138e+01, 0.000000e+00
-9.258417e+01, 0.000000e+00
-8.695550e+01, 0.000000e+00
-7.987353e+01, 0.000000e+00
-7.145119e+01, 0.000000e+00
-6.182451e+01, 0.000000e+00
-5.115053e+01, 0.000000e+00
-3.960486e+01, 0.000000e+00
-2.737879e+01, 0.000000e+00
-1.467629e+01, 0.000000e+00
-1.710584e+00, 0.000000e+00
1.129938e+01, 0.000000e+00
2.413260e+01, 0.000000e+00
3.656977e+01, 0.000000e+00
4.839708e+01, 0.000000e+00
5.940989e+01, 0.000000e+00
6.941637e+01, 0.000000e+00
7.824084e+01, 0.000000e+00
8.572703e+01, 0.000000e+00
9.174085e+01, 0.000000e+00
9.617298e+01, 0.000000e+00
9.894093e+01, 0.000000e+00
9.999071e+01, 0.000000e+00
9.929800e+01, 0.000000e+00
9.686882e+01, 0.000000e+00
9.273970e+01, 0.000000e+00
8.697723e+01, 0.000000e+00
7.967718e+01, 0.000000e+00
7.096304e+01, 0.000000e+00
6.098402e+01, 0.000000e+00
4.991264e+01, 0.000000e+00
3.794185e+01, 0.000000e+00
2.528174e+01, 0.000000e+00
1.215591e+01, 0.000000e+00
-1.202389e+00, 0.000000e+00
-1.455440e+01, 0.000000e+00
-2.766012e+01, 0.000000e+00
-4.028259e+01, 0.000000e+00
-5.219222e+01, 0.000000e+00
-6.317104e+01, 0.000000e+00
-7.301670e+01, 0.000000e+00
-8.154633e+01, 0.000000e+00
-8.859999e+01, 0.000000e+00
-9.404381e+01, 0.000000e+00
-9.777266e+01, 0.000000e+00
-9.971228e+01, 0.000000e+00
-9.982091e+01, 0.000000e+00
-9.809033e+01, 0.000000e+00
-9.454626e+01, 0.000000e+00
-8.924816e+01, 0.000000e+00
-8.228839e+01, 0.000000e+00
-7.379078e+01, 0.000000e+00
-6.390851e+01, 0.000000e+00
-5.282152e+01, 0.000000e+00
-4.073333e+01, 0.000000e+00
-2.786742e+01, 0.000000e+00
-1.446313e+01, 0.000000e+00
-7.713249e-01, 0.000000e+00
1.295029e+01, 0.000000e+00
2.644202e+01, 0.000000e+00
3.944707e+01, 0.000000e+00
5.171646e+01, 0.000000e+00
6.301388e+01, 0.000000e+00
7.312024e+01, 0.000000e+00
8.183810e+01, 0.000000e+00
8.899553e+01, 0.000000e+00
9.444971e+01, 0.000000e+00
9.808984e+01, 0.000000e+00
9.983959e+01, 0.000000e+00
9.965883e+01, 0.000000e+00
9.754466e+01, 0.000000e+00
9.353179e+01, 0.000000e+00
8.769215e+01, 0.000000e+00
8.013376e+01, 0.000000e+00
7.099891e+01, 0.000000e+00
6.046158e+01, 0.000000e+00
4.872433e+01, 0.000000e+00
3.601446e+01, 0.000000e+00
2.257974e+01, 0.000000e+00
8.683670e+00, 0.000000e+00
-5.399686e+00, 0.000000e+00
-1.939103e+01, 0.000000e+00
-3.301136e+01, 0.000000e+00
-4.598757e+01, 0.000000e+00
-5.805798e+01, 0.000000e+00
-6.897763e+01, 0.000000e+00
-7.852337e+01, 0.000000e+00
-8.649852e+01, 0.000000e+00
-9.273705e+01, 0.000000e+00
-9.710715e+01, 0.000000e+00
-9.951421e+01, 0.000000e+00
-9.990298e+01, 0.000000e+00
-9.825902e+01, 0.000000e+00
-9.460930e+01, 0.000000e+00
-8.902196e+01, 0.000000e+00
-8.160523e+01, 0.000000e+00
-7.250548e+01, 0.000000e+00
-6.190452e+01, 0.000000e+00
-5.001610e+01, 0.000000e+00
-3.708175e+01, 0.000000e+00
-2.336593e+01, 0.000000e+00
-9.150762e+00, 0.000000e+00
5.269744e+00, 0.000000e+00
1.959573e+01, 0.000000e+00
3.352770e+01, 0.000000e+00
4.677284e+01, 0.000000e+00
5.905117e+01, 0.000000e+00
7.010155e+01, 0.000000e+00
7.968734e+01, 0.000000e+00
8.760158e+01, 0.000000e+00
9.367156e+01, 0.000000e+00
9.776279e+01, 0.000000e+00
9.978210e+01, 0.000000e+00
9.967997e+01, 0.000000e+00
9.745188e+01, 0.000000e+00
9.313874e+01, 0.000000e+00
8.682638e+01, 0.000000e+00
7.864399e+01, 0.000000e+00
6.876170e+01, 0.000000e+00
5.738719e+01, 0.000000e+00
4.476147e+01, 0.000000e+00
3.115389e+01, 0.000000e+00
1.685655e+01, 0.000000e+00
2.178041e+00, 0.000000e+00
-1.256310e+01, 0.000000e+00
-2.704534e+01, 0.000000e+00
-4.095109e+01, 0.000000e+00
-5.397381e+01, 0.000000e+00
-6.582472e+01, 0.000000e+00
-7.623937e+01, 0.000000e+00
-8.498361e+01, 0.000000e+00
-9.185902e+01, 0.000000e+00
-9.670755e+01, 0.000000e+00
-9.941534e+01, 0.000000e+00
-9.991556e+01, 0.000000e+00
-9.819024e+01, 0.000000e+00
-9.427104e+01, 0.000000e+00
-8.823889e+01, 0.000000e+00
-8.022252e+01, 0.000000e+00
-7.039594e+01, 0.000000e+00
-5.897479e+01, 0.000000e+00
-4.621183e+01, 0.000000e+00
-3.239144e+01, 0.000000e+00
-1.782344e+01, 0.000000e+00
-2.836168e+00, 0.000000e+00
1.223078e+01, 0.000000e+00
2.703429e+01, 0.000000e+00
4.123550e+01, 0.000000e+00
5.450761e+01, 0.000000e+00
6.654349e+01, 0.000000e+00
7.706284e+01, 0.000000e+00
8.581889e+01, 0.000000e+00
9.260429e+01, 0.000000e+00
9.725622e+01, 0.000000e+00
9.966047e+01, 0.000000e+00
9.975445e+01, 0.000000e+00
9.752899e+01, 0.000000e+00
9.302893e+01, 0.000000e+00
8.635250e+01, 0.000000e+00
7.764934e+01, 0.000000e+00
6.711739e+01, 0.000000e+00
5.499853e+01, 0.000000e+00
4.157325e+01, 0.000000e+00
2.715425e+01, 0.000000e+00
1.207931e+01, 0.000000e+00
-3.296582e+00, 0.000000e+00
-1.860952e+01, 0.000000e+00
-3.349528e+01, 0.000000e+00
-4.759798e+01, 0.000000e+00
-6.057868e+01, 0.000000e+00
-7.212361e+01, 0.000000e+00
-8.195183e+01, 0.000000e+00
-8.982225e+01, 0.000000e+00
-9.553970e+01, 0.000000e+00
-9.895999e+01, 0.000000e+00
-9.999367e+01, 0.000000e+00
-9.860867e+01, 0.000000e+00
-9.483141e+01, 0.000000e+00
-8.874660e+01, 0.000000e+00
-8.049556e+01, 0.000000e+00
-7.027316e+01, 0.000000e+00
-5.832344e+01, 0.000000e+00
-4.493396e+01, 0.000000e+00
-3.042901e+01, 0.000000e+00
-1.516192e+01, 0.000000e+00
4.934748e-01, 0.000000e+00
1.615190e+01, 0.000000e+00
3.142615e+01, 0.000000e+00
4.593663e+01, 0.000000e+00
5.932086e+01, 0.000000e+00
7.124263e+01, 0.000000e+00
8.140053e+01, 0.000000e+00
8.953577e+01, 0.000000e+00
9.543890e+01, 0.000000e+00
9.895546e+01, 0.000000e+00
9.999017e+01, 0.000000e+00
9.850980e+01, 0.000000e+00
9.454436e+01, 0.000000e+00
8.818685e+01, 0.000000e+00
7.959125e+01, 0.000000e+00
6.896910e+01, 0.000000e+00
5.658444e+01, 0.000000e+00
4.274750e+01, 0.000000e+00
2.780704e+01, 0.000000e+00
1.214171e+01, 0.000000e+00
-3.849425e+00, 0.000000e+00
-1.975706e+01, 0.000000e+00
-3.517204e+01, 0.000000e+00
-4.969596e+01, 0.000000e+00
-6.295150e+01, 0.000000e+00
-7.459234e+01, 0.000000e+00
-8.431233e+01, 0.000000e+00
-9.185374e+01, 0.000000e+00
-9.701426e+01, 0.000000e+00
-9.965267e+01, 0.000000e+00
-9.969290e+01, 0.000000e+00
-9.712652e+01, 0.000000e+00
-9.201334e+01, 0.000000e+00
-8.448034e+01, 0.000000e+00
-7.471875e+01, 0.000000e+00
-6.297946e+01, 0.000000e+00
-4.956675e+01, 0.000000e+00
-3.483064e+01, 0.000000e+00
-1.915786e+01, 0.000000e+00
-2.961842e+00, 0.000000e+00
1.332810e+01, 0.000000e+00
2.927813e+01, 0.000000e+00
4.446145e+01, 0.000000e+00
5.846978e+01, 0.000000e+00
7.092439e+01, 0.000000e+00
8.148652e+01, 0.000000e+00
8.986676e+01, 0.000000e+00
9.583312e+01, 0.000000e+00
9.921776e+01, 0.000000e+00
9.992189e+01, 0.000000e+00
9.791893e+01, 0.000000e+00
9.325571e+01, 0.000000e+00
8.605163e+01, 0.000000e+00
7.649596e+01, 0.000000e+00
6.484305e+01, 0.000000e+00
5.140581e+01, 0.000000e+00
3.654753e+01, 0.000000e+00
2.067222e+01, 0.000000e+00
4.213735e+00, 0.000000e+00
-1.237599e+01, 0.000000e+00
-2.863928e+01, 0.000000e+00
-4.412541e+01, 0.000000e+00
-5.840308e+01, 0.000000e+00
-7.107258e+01, 0.000000e+00
-8.177709e+01, 0.000000e+00
-9.021292e+01, 0.000000e+00
-9.613833e+01, 0.000000e+00
-9.938068e+01, 0.000000e+00
-9.984177e+01, 0.000000e+00
-9.750099e+01, 0.000000e+00
-9.241649e+01, 0.000000e+00
-8.472399e+01, 0.000000e+00
-7.463346e+01, 0.000000e+00
-6.242364e+01, 0.000000e+00
-4.843462e+01, 0.000000e+00
-3.305853e+01, 0.000000e+00
-1.672873e+01, 0.000000e+00
9.225186e-02, 0.000000e+00
1.692579e+01, 0.000000e+00
3.329070e+01, 0.000000e+00
4.871705e+01, 0.000000e+00
6.275972e+01, 0.000000e+00
7.501131e+01, 0.000000e+00
8.511422e+01, 0.000000e+00
9.277117e+01, 0.000000e+00
9.775428e+01, 0.000000e+00
9.991205e+01, 0.000000e+00
9.917427e+01, 0.000000e+00
9.555454e+01, 0.000000e+00
8.915047e+01, 0.000000e+00
8.014129e+01, 0.000000e+00
6.878315e+01, 0.000000e+00
5.540215e+01, 0.000000e+00
4.038512e+01, 0.000000e+00
2.416874e+01, 0.000000e+00
7.226901e+00, 0.000000e+00
-9.942974e+00, 0.000000e+00
-2.683451e+01, 0.000000e+00
-4.294730e+01, 0.000000e+00
-5.780178e+01, 0.000000e+00
-7.095363e+01, 0.000000e+00
-8.200717e+01, 0.000000e+00
-9.062752e+01, 0.000000e+00
-9.655090e+01, 0.000000e+00
-9.959305e+01, 0.000000e+00
-9.965520e+01, 0.000000e+00
-9.672756e+01, 0.000000e+00
-9.089019e+01, 0.000000e+00
-8.231116e+01, 0.000000e+00
-7.124196e+01, 0.000000e+00
-5.801050e+01, 0.000000e+00
-4.301158e+01, 0.000000e+00
-2.669535e+01, 0.000000e+00
-9.553983e+00, 0.000000e+00
7.893067e+00, 0.000000e+00
2.511474e+01, 0.000000e+00
4.158454e+01, 0.000000e+00
5.679663e+01, 0.000000e+00
7.028154e+01, 0.000000e+00
8.162076e+01, 0.000000e+00
9.045994e+01, 0.000000e+00
9.652023e+01, 0.000000e+00
9.960732e+01, 0.000000e+00
9.961800e+01, 0.000000e+00
9.654390e+01, 0.000000e+00
9.047233e+01, 0.000000e+00
8.158415e+01, 0.000000e+00
7.014872e+01, 0.000000e+00
5.651601e+01, 0.000000e+00
4.110617e+01, 0.000000e+00
2.439681e+01, 0.000000e+00
6.908354e+00, 0.000000e+00
-1.081205e+01, 0.000000e+00
-2.820759e+01, 0.000000e+00
-4.472928e+01, 0.000000e+00
-5.985334e+01, 0.000000e+00
-7.309794e+01, 0.000000e+00
-8.403871e+01, 0.000000e+00
-9.232257e+01, 0.000000e+00
-9.767936e+01, 0.000000e+00
-9.993099e+01, 0.000000e+00
-9.899767e+01, 0.000000e+00
-9.490100e+01, 0.000000e+00
-8.776396e+01, 0.000000e+00
-7.780755e+01, 0.000000e+00
-6.534424e+01, 0.000000e+00
-5.076854e+01, 0.000000e+00
-3.454468e+01, 0.000000e+00
-1.719214e+01, 0.000000e+00
7.309363e-01, 0.000000e+00
1.864550e+01, 0.000000e+00
3.597032e+01, 0.000000e+00
5.214087e+01, 0.000000e+00
6.662779e+01, 0.000000e+00
7.895439e+01, 0.000000e+00
8.871253e+01, 0.000000e+00
9.557639e+01, 0.000000e+00
9.931365e+01, 0.000000e+00
9.979369e+01, 0.000000e+00
9.699246e+01, 0.000000e+00
9.099392e+01, 0.000000e+00
8.198792e+01, 0.000000e+00
7.026455e+01, 0.000000e+00
5.620509e+01, 0.000000e+00
4.026993e+01, 0.000000e+00
2.298373e+01, 0.000000e+00
4.918324e+00, 0.000000e+00
-1.332607e+01, 0.000000e+00
-3.114075e+01, 0.000000e+00
-4.792880e+01, 0.000000e+00
-6.312522e+01, 0.000000e+00
-7.621608e+01, 0.000000e+00
-8.675604e+01, 0.000000e+00
-9.438385e+01, 0.000000e+00
-9.883495e+01, 0.000000e+00
-9.995103e+01, 0.000000e+00
-9.768598e+01, 0.000000e+00
-9.210815e+01, 0.000000e+00
-8.339865e+01, 0.000000e+00
-7.184587e+01, 0.000000e+00
-5.783627e+01, 0.000000e+00
-4.184178e+01, 0.000000e+00
-2.440413e+01, 0.000000e+00
-6.116706e+00, 0.000000e+00
1.239548e+01, 0.000000e+00
3.049711e+01, 0.000000e+00
4.756439e+01, 0.000000e+00
6.300655e+01, 0.000000e+00
7.628654e+01, 0.000000e+00
8.693982e+01, 0.000000e+00
9.459096e+01, 0.000000e+00
9.896712e+01, 0.000000e+00
9.990816e+01, 0.000000e+00
9.737288e+01, 0.000000e+00
9.144110e+01, 0.000000e+00
8.231160e+01, 0.000000e+00
7.029585e+01, 0.000000e+00
5.580773e+01, 0.000000e+00
3.934957e+01, 0.000000e+00
2.149504e+01, 0.000000e+00
2.869315e+00, 0.000000e+00
-1.587267e+01, 0.000000e+00
-3.406920e+01, 0.000000e+00
-5.107516e+01, 0.000000e+00
-6.628501e+01, 0.000000e+00
-7.915448e+01, 0.000000e+00
-8.922035e+01, 0.000000e+00
-9.611732e+01, 0.000000e+00
-9.959169e+01, 0.000000e+00
-9.951102e+01, 0.000000e+00
-9.586954e+01, 0.000000e+00
-8.878915e+01, 0.000000e+00
-7.851569e+01, 0.000000e+00
-6.541084e+01, 0.000000e+00
-4.993974e+01, 0.000000e+00
-3.265479e+01, 0.000000e+00
-1.417616e+01, 0.000000e+00
4.830263e+00, 0.000000e+00
2.367677e+01, 0.000000e+00
4.167870e+01, 0.000000e+00
5.817935e+01, 0.000000e+00
7.257406e+01, 0.000000e+00
8.433260e+01, 0.000000e+00
9.301896e+01, 0.000000e+00
9.830781e+01, 0.000000e+00
9.999714e+01, 0.000000e+00
9.801627e+01, 0.000000e+00
9.242928e+01, 0.000000e+00
8.343332e+01, 0.000000e+00
7.135216e+01, 0.000000e+00
5.662486e+01, 0.000000e+00
3.979021e+01, 0.000000e+00
2.146726e+01, 0.000000e+00
2.332802e+00, 0.000000e+00
-1.690348e+01, 0.000000e+00
-3.552531e+01, 0.000000e+00
-5.283647e+01, 0.000000e+00
-6.818697e+01, 0.000000e+00
-8.099766e+01, 0.000000e+00
-9.078228e+01, 0.000000e+00
-9.716629e+01, 0.000000e+00
-9.990158e+01, 0.000000e+00
-9.887648e+01, 0.000000e+00
-9.412077e+01, 0.000000e+00
-8.580533e+01, 0.000000e+00
-7.423644e+01, 0.000000e+00
-5.984490e+01, 0.000000e+00
-4.317041e+01, 0.000000e+00
-2.484159e+01, 0.000000e+00
-5.552529e+00, 0.000000e+00
1.396331e+01, 0.000000e+00
3.296091e+01, 0.000000e+00
5.071220e+01, 0.000000e+00
6.653399e+01, 0.000000e+00
7.981449e+01, 0.000000e+00
9.003723e+01, 0.000000e+00
9.680147e+01, 0.000000e+00
9.983828e+01, 0.000000e+00
9.902165e+01, 0.000000e+00
9.437418e+01, 0.000000e+00
8.606700e+01, 0.000000e+00
7.441392e+01, 0.000000e+00
5.986001e+01, 0.000000e+00
4.296504e+01, 0.000000e+00
2.438218e+01, 0.000000e+00
4.833089e+00, 0.000000e+00
-1.492000e+01, 0.000000e+00
-3.410392e+01, 0.000000e+00
-5.196482e+01, 0.000000e+00
-6.779792e+01, 0.000000e+00
-8.097554e+01, 0.000000e+00
-9.097220e+01, 0.000000e+00
-9.738600e+01, 0.000000e+00
-9.995512e+01, 0.000000e+00
-9.856897e+01, 0.000000e+00
-9.327340e+01, 0.000000e+00
-8.426971e+01, 0.000000e+00
-7.190749e+01, 0.000000e+00
-5.667149e+01, 0.000000e+00
-3.916296e+01, 0.000000e+00
-2.007632e+01, 0.000000e+00
-1.717738e-01, 0.000000e+00
1.975474e+01, 0.000000e+00
3.890339e+01, 0.000000e+00
5.650252e+01, 0.000000e+00
7.183997e+01, 0.000000e+00
8.429204e+01, 0.000000e+00
9.334924e+01, 0.000000e+00
9.863744e+01, 0.000000e+00
9.993382e+01, 0.000000e+00
9.717669e+01, 0.000000e+00
9.046885e+01, 0.000000e+00
8.007431e+01, 0.000000e+00
6.640835e+01, 0.000000e+00
5.002141e+01, 0.000000e+00
3.157725e+01, 0.000000e+00
1.182639e+01, 0.000000e+00
-8.424214e+00, 0.000000e+00
-2.834402e+01, 0.000000e+00
-4.711296e+01, 0.000000e+00
-6.395528e+01, 0.000000e+00
-7.817179e+01, 0.000000e+00
-8.916919e+01, 0.000000e+00
-9.648513e+01, 0.000000e+00
-9.980812e+01, 0.000000e+00
-9.899126e+01, 0.000000e+00
-9.405919e+01, 0.000000e+00
-8.520797e+01, 0.000000e+00
-7.279781e+01, 0.000000e+00
-5.733892e+01, 0.000000e+00
-3.947090e+01, 0.000000e+00
-1.993666e+01, 0.000000e+00
4.482137e-01, 0.000000e+00
2.082934e+01, 0.000000e+00
4.034932e+01, 0.000000e+00
5.818383e+01, 0.000000e+00
7.357658e+01, 0.000000e+00
8.587169e+01, 0.000000e+00
9.454190e+01, 0.000000e+00
9.921169e+01, 0.000000e+00
9.967391e+01, 0.000000e+00
9.589957e+01, 0.000000e+00
8.803993e+01, 0.000000e+00
7.642101e+01, 0.000000e+00
6.153058e+01, 0.000000e+00
4.399815e+01, 0.000000e+00
2.456869e+01, 0.000000e+00
4.071315e+00, 0.000000e+00
-1.661592e+01, 0.000000e+00
-3.660355e+01, 0.000000e+00
-5.502898e+01, 0.000000e+00
-7.109380e+01, 0.000000e+00
-8.409871e+01, 0.000000e+00
-9.347422e+01, 0.000000e+00
-9.880607e+01, 0.000000e+00
-9.985394e+01, 0.000000e+00
-9.656288e+01, 0.000000e+00
-8.906659e+01, 0.000000e+00
-7.768261e+01, 0.000000e+00
-6.289934e+01, 0.000000e+00
-4.535564e+01, 0.000000e+00
-2.581354e+01, 0.000000e+00
-5.125511e+00, 0.000000e+00
1.580253e+01, 0.000000e+00
3.605081e+01, 0.000000e+00
5.472615e+01, 0.000000e+00
7.100145e+01, 0.000000e+00
8.415266e+01, 0.000000e+00
9.359126e+01, 0.000000e+00
9.889107e+01, 0.000000e+00
9.980797e+01, 0.000000e+00
9.629169e+01, 0.000000e+00
8.848904e+01, 0.000000e+00
7.673835e+01, 0.000000e+00
6.155536e+01, 0.000000e+00
4.361105e+01, 0.000000e+00
2.370243e+01, 0.000000e+00
2.717402e+00, 0.000000e+00
-1.840458e+01, 0.000000e+00
-3.871451e+01, 0.000000e+00
-5.729655e+01, 0.000000e+00
-7.330940e+01, 0.000000e+00
-8.602472e+01, 0.000000e+00
-9.486064e+01, 0.000000e+00
-9.940881e+01, 0.000000e+00
-9.945380e+01, 0.000000e+00
-9.498390e+01, 0.000000e+00
-8.619261e+01, 0.000000e+00
-7.347091e+01, 0.000000e+00
-5.739041e+01, 0.000000e+00
-3.867814e+01, 0.000000e+00
-1.818410e+01, 0.000000e+00
3.157098e+00, 0.000000e+00
2.436861e+01, 0.000000e+00
4.447609e+01, 0.000000e+00
6.255247e+01, 0.000000e+00
7.776093e+01, 0.000000e+00
8.939394e+01, 0.000000e+00
9.690660e+01, 0.000000e+00
9.994266e+01, 0.000000e+00
9.835197e+01, 0.000000e+00
9.219847e+01, 0.000000e+00
8.175827e+01, 0.000000e+00
6.750789e+01, 0.000000e+00
5.010304e+01, 0.000000e+00
3.034890e+01, 0.000000e+00
9.163282e+00, 0.000000e+00
-1.246581e+01, 0.000000e+00
-3.352607e+01, 0.000000e+00
-5.302834e+01, 0.000000e+00
-7.005312e+01, 0.000000e+00
-8.379426e+01, 0.000000e+00
-9.359746e+01, 0.000000e+00
-9.899193e+01, 0.000000e+00
-9.971352e+01, 0.000000e+00
-9.571824e+01, 0.000000e+00
-8.718544e+01, 0.000000e+00
-7.451043e+01, 0.000000e+00
-5.828667e+01, 0.000000e+00
-3.927862e+01, 0.000000e+00
-1.838604e+01, 0.000000e+00
3.398206e+00, 0.000000e+00
2.503518e+01, 0.000000e+00
4.548935e+01, 0.000000e+00
6.377824e+01, 0.000000e+00
7.901984e+01, 0.000000e+00
9.047548e+01, 0.000000e+00
9.758608e+01, 0.000000e+00
1.000000e+02, 0.000000e+00
9.759096e+01, 0.000000e+00
9.046530e+01, 0.000000e+00
7.895796e+01, 0.000000e+00
6.361735e+01, 0.000000e+00
4.517977e+01, 0.000000e+00
2.453456e+01, 0.000000e+00
2.681583e+00, 0.000000e+00
-1.931702e+01, 0.000000e+00
-4.038829e+01, 0.000000e+00
-5.950088e+01, 0.000000e+00
-7.571569e+01, 0.000000e+00
-8.823238e+01, 0.000000e+00
-9.642924e+01, 0.000000e+00
-9.989467e+01, 0.000000e+00
-9.844842e+01, 0.000000e+00
-9.215161e+01, 0.000000e+00
-8.130484e+01, 0.000000e+00
-6.643455e+01, 0.000000e+00
-4.826803e+01, 0.000000e+00
-2.769833e+01, 0.000000e+00
-5.740817e+00, 0.000000e+00
1.651673e+01, 0.000000e+00
3.796788e+01, 0.000000e+00
5.754256e+01, 0.000000e+00
7.426065e+01, 0.000000e+00
8.728134e+01, 0.000000e+00
9.594586e+01, 0.000000e+00
9.981138e+01, 0.000000e+00
9.867424e+01, 0.000000e+00
9.258132e+01, 0.000000e+00
8.182889e+01, 0.000000e+00
6.694887e+01, 0.000000e+00
4.868315e+01, 0.000000e+00
2.794710e+01, 0.000000e+00
5.784121e+00, 0.000000e+00
-1.668659e+01, 0.000000e+00
-3.832641e+01, 0.000000e+00
-5.803508e+01, 0.000000e+00
-7.480673e+01, 0.000000e+00
-8.778166e+01, 0.000000e+00
-9.629076e+01, 0.000000e+00
-9.989065e+01, 0.000000e+00
-9.838739e+01, 0.000000e+00
-9.184759e+01, 0.000000e+00
-8.059624e+01, 0.000000e+00
-6.520125e+01, 0.000000e+00
-4.644539e+01, 0.000000e+00
-2.528706e+01, 0.000000e+00
-2.811661e+00, 0.000000e+00
1.982376e+01, 0.000000e+00
4.145000e+01, 0.000000e+00
6.094615e+01, 0.000000e+00
7.729788e+01, 0.000000e+00
8.965060e+01, 0.000000e+00
9.735460e+01, 0.000000e+00
9.999981e+01, 0.000000e+00
9.743832e+01, 0.000000e+00
8.979328e+01, 0.000000e+00
7.745379e+01, 0.000000e+00
6.105574e+01, 0.000000e+00
4.144972e+01, 0.000000e+00
1.965737e+01, 0.000000e+00
-3.181445e+00, 0.000000e+00
-2.586804e+01, 0.000000e+00
-4.720775e+01, 0.000000e+00
-6.607293e+01, 0.000000e+00
-8.146283e+01, 0.000000e+00
-9.255706e+01, 0.000000e+00
-9.875989e+01, 0.000000e+00
-9.973287e+01, 0.000000e+00
-9.541395e+01, 0.000000e+00
-8.602216e+01, 0.000000e+00
-7.204714e+01, 0.000000e+00
-5.422441e+01, 0.000000e+00
-3.349720e+01, 0.000000e+00
-1.096703e+01, 0.000000e+00
1.216449e+01, 0.000000e+00
3.465955e+01, 0.000000e+00
5.531040e+01, 0.000000e+00
7.300435e+01, 0.000000e+00
8.678409e+01, 0.000000e+00
9.589988e+01, 0.000000e+00
9.985106e+01, 0.000000e+00
9.841412e+01, 0.000000e+00
9.165615e+01, 0.000000e+00
7.993250e+01, 0.000000e+00
6.386885e+01, 0.000000e+00
4.432852e+01, 0.000000e+00
2.236658e+01, 0.000000e+00
-8.266428e-01, 0.000000e+00
-2.398982e+01, 0.000000e+00
-4.585914e+01, 0.000000e+00
-6.523735e+01, 0.000000e+00
-8.105955e+01, 0.000000e+00
-9.245217e+01, 0.000000e+00
-9.878173e+01, 0.000000e+00
-9.969075e+01, 0.000000e+00
-9.511866e+01, 0.000000e+00
-8.530652e+01, 0.000000e+00
-7.078509e+01, 0.000000e+00
-5.234684e+01, 0.000000e+00
-3.100332e+01, 0.000000e+00
-7.930197e+00, 0.000000e+00
1.559719e+01, 0.000000e+00
3.827415e+01, 0.000000e+00
5.883903e+01, 0.000000e+00
7.614359e+01, 0.000000e+00
8.921751e+01, 0.000000e+00
9.732334e+01, 0.000000e+00
9.999874e+01, 0.000000e+00
9.708357e+01, 0.000000e+00
8.873029e+01, 0.000000e+00
7.539675e+01, 0.000000e+00
5.782191e+01, 0.000000e+00
3.698555e+01, 0.000000e+00
1.405418e+01, 0.000000e+00
-9.683820e+00, 0.000000e+00
-3.289042e+01, 0.000000e+00
-5.425333e+01, 0.000000e+00
-7.256033e+01, 0.000000e+00
-8.676846e+01, 0.000000e+00
-9.606393e+01, 0.000000e+00
-9.990937e+01, 0.000000e+00
-9.807563e+01, 0.000000e+00
-9.065626e+01, 0.000000e+00
-7.806357e+01, 0.000000e+00
-6.100656e+01, 0.000000e+00
-4.045168e+01, 0.000000e+00
-1.756868e+01, 0.000000e+00
6.335516e+00, 0.000000e+00
2.989123e+01, 0.000000e+00
5.174444e+01, 0.000000e+00
7.063474e+01, 0.000000e+00
8.546840e+01, 0.000000e+00
9.538219e+01, 0.000000e+00
9.979426e+01, 0.000000e+00
9.843903e+01, 0.000000e+00
9.138401e+01, 0.000000e+00
7.902735e+01, 0.000000e+00
6.207618e+01, 0.000000e+00
4.150692e+01, 0.000000e+00
1.850961e+01, 0.000000e+00
-5.580459e+00, 0.000000e+00
-2.936002e+01, 0.000000e+00
-5.143951e+01, 0.000000e+00
-7.052441e+01, 0.000000e+00
-8.549148e+01, 0.000000e+00
-9.545541e+01, 0.000000e+00
-9.982179e+01, 0.000000e+00
-9.832344e+01, 0.000000e+00
-9.103747e+01, 0.000000e+00
-7.838236e+01, 0.000000e+00
-6.109469e+01, 0.000000e+00
-4.018705e+01, 0.000000e+00
-1.688939e+01, 0.000000e+00
7.422978e+00, 0.000000e+00
3.131020e+01, 0.000000e+00
5.335319e+01, 0.000000e+00
7.223803e+01, 0.000000e+00
8.683472e+01, 0.000000e+00
9.626527e+01, 0.000000e+00
9.995728e+01, 0.000000e+00
9.767942e+01, 0.000000e+00
8.955682e+01, 0.000000e+00
7.606509e+01, 0.000000e+00
5.800333e+01, 0.000000e+00
3.644760e+01, 0.000000e+00
1.268736e+01, 0.000000e+00
-1.185120e+01, 0.000000e+00
-3.569052e+01, 0.000000e+00
-5.739067e+01, 0.000000e+00
-7.563649e+01, 0.000000e+00
-8.931774e+01, 0.000000e+00
-9.759723e+01, 0.000000e+00
-9.996281e+01, 0.000000e+00
-9.625986e+01, 0.000000e+00
-8.670229e+01, 0.000000e+00
-7.186106e+01, 0.000000e+00
-5.263096e+01, 0.000000e+00
-3.017740e+01, 0.000000e+00
-5.866332e+00, 0.000000e+00
1.881840e+01, 0.000000e+00
4.236551e+01, 0.000000e+00
6.332880e+01, 0.000000e+00
8.041632e+01, 0.000000e+00
9.257038e+01, 0.000000e+00
9.903378e+01, 0.000000e+00
9.939770e+01, 0.000000e+00
9.362846e+01, 0.000000e+00
8.207125e+01, 0.000000e+00
6.543033e+01, 0.000000e+00
4.472703e+01, 0.000000e+00
2.123772e+01, 0.000000e+00
-3.584325e+00, 0.000000e+00
-2.819855e+01, 0.000000e+00
-5.107259e+01, 0.000000e+00
-7.077788e+01, 0.000000e+00
-8.607916e+01, 0.000000e+00
-9.601256e+01, 0.000000e+00
-9.994699e+01, 0.000000e+00
-9.762512e+01, 0.000000e+00
-8.918114e+01, 0.000000e+00
-7.513393e+01, 0.000000e+00
-5.635617e+01, 0.000000e+00
-3.402088e+01, 0.000000e+00
-9.528796e+00, 0.000000e+00
1.557903e+01, 0.000000e+00
3.971796e+01, 0.000000e+00
6.135985e+01, 0.000000e+00
7.912999e+01, 0.000000e+00
9.189494e+01, 0.000000e+00
9.883552e+01, 0.000000e+00
9.950015e+01, 0.000000e+00
9.383520e+01, 0.000000e+00
8.219004e+01, 0.000000e+00
6.529652e+01, 0.000000e+00
4.422382e+01, 0.000000e+00
2.031151e+01, 0.000000e+00
-4.915028e+00, 0.000000e+00
-2.984159e+01, 0.000000e+00
-5.286835e+01, 0.000000e+00
-7.251273e+01, 0.000000e+00
-8.750522e+01, 0.000000e+00
-9.687206e+01, 0.000000e+00
-9.999926e+01, 0.000000e+00
-9.667375e+01, 0.000000e+00
-8.709887e+01, 0.000000e+00
-7.188292e+01, 0.000000e+00
-5.200147e+01, 0.000000e+00
-2.873563e+01, 0.000000e+00
-3.590136e+00, 0.000000e+00
2.180359e+01, 0.000000e+00
4.579307e+01, 0.000000e+00
6.681240e+01, 0.000000e+00
8.348483e+01, 0.000000e+00
9.471346e+01, 0.000000e+00
9.975418e+01, 0.000000e+00
9.826587e+01, 0.000000e+00
9.033448e+01, 0.000000e+00
7.646913e+01, 0.000000e+00
5.757045e+01, 0.000000e+00
3.487292e+01, 0.000000e+00
9.864937e+00, 0.000000e+00
-1.580827e+01, 0.000000e+00
-4.045269e+01, 0.000000e+00
-6.243727e+01, 0.000000e+00
-8.030220e+01, 0.000000e+00
-9.285635e+01, 0.000000e+00
-9.925741e+01, 0.000000e+00
-9.906930e+01, 0.000000e+00
-9.229289e+01, 0.000000e+00
-7.936769e+01, 0.000000e+00
-6.114444e+01, 0.000000e+00
-3.882997e+01, 0.000000e+00
-1.390806e+01, 0.000000e+00
1.195871e+01, 0.000000e+00
3.703956e+01, 0.000000e+00
5.965133e+01, 0.000000e+00
7.827166e+01, 0.000000e+00
9.164200e+01, 0.000000e+00
9.885341e+01, 0.000000e+00
9.940922e+01, 0.000000e+00
9.326024e+01, 0.000000e+00
8.080996e+01, 0.000000e+00
6.288908e+01, 0.000000e+00
4.070104e+01, 0.000000e+00
1.574201e+01, 0.000000e+00
-1.029945e+01, 0.000000e+00
-3.565631e+01, 0.000000e+00
-5.860293e+01, 0.000000e+00
-7.757274e+01, 0.000000e+00
-9.126569e+01, 0.000000e+00
-9.873809e+01, 0.000000e+00
-9.946852e+01, 0.000000e+00
-9.339526e+01, 0.000000e+00
-8.092239e+01, 0.000000e+00
-6.289397e+01, 0.000000e+00
-4.053790e+01, 0.000000e+00
-1.538308e+01, 0.000000e+00
1.084455e+01, 0.000000e+00
3.634016e+01, 0.000000e+00
5.934414e+01, 0.000000e+00
7.826384e+01, 0.000000e+00
9.178432e+01, 0.000000e+00
9.896053e+01, 0.000000e+00
9.928425e+01, 0.000000e+00
9.272117e+01, 0.000000e+00
7.971515e+01, 0.000000e+00
6.115936e+01, 0.000000e+00
3.833585e+01, 0.000000e+00
1.282780e+01, 0.000000e+00
-1.358972e+01, 0.000000e+00
-3.907300e+01, 0.000000e+00
-6.183834e+01, 0.000000e+00
-8.028721e+01, 0.000000e+00
-9.311904e+01, 0.000000e+00
-9.942371e+01, 0.000000e+00
-9.874706e+01, 0.000000e+00
-9.112467e+01, 0.000000e+00
-7.708137e+01, 0.000000e+00
-5.759615e+01, 0.000000e+00
-3.403492e+01, 0.000000e+00
-8.055522e+00, 0.000000e+00
1.850837e+01, 0.000000e+00
4.377644e+01, 0.000000e+00
6.595488e+01, 0.000000e+00
8.346407e+01, 0.000000e+00
9.505170e+01, 0.000000e+00
9.988323e+01, 0.000000e+00
9.760298e+01, 0.000000e+00
8.836141e+01, 0.000000e+00
7.280643e+01, 0.000000e+00
5.203905e+01, 0.000000e+00
2.753641e+01, 0.000000e+00
1.047440e+00, 0.000000e+00
-2.553147e+01, 0.000000e+00
-5.029211e+01, 0.000000e+00
-7.145152e+01, 0.000000e+00
-8.748087e+01, 0.000000e+00
-9.721659e+01, 0.000000e+00
-9.994580e+01, 0.000000e+00
-9.545953e+01, 0.000000e+00
-8.406987e+01, 0.000000e+00
-6.658946e+01, 0.000000e+00
-4.427455e+01, 0.000000e+00
-1.873566e+01, 0.000000e+00
8.178014e+00, 0.000000e+00
3.451209e+01, 0.000000e+00
5.834885e+01, 0.000000e+00
7.794714e+01, 0.000000e+00
9.187013e+01, 0.000000e+00
9.909142e+01, 0.000000e+00
9.907172e+01, 0.000000e+00
9.180029e+01, 0.000000e+00
7.779777e+01, 0.000000e+00
5.808012e+01, 0.000000e+00
3.408590e+01, 0.000000e+00
7.572171e+00, 0.000000e+00
-1.951358e+01, 0.000000e+00
-4.517626e+01, 0.000000e+00
-6.752018e+01, 0.000000e+00
-8.488946e+01, 0.000000e+00
-9.599144e+01, 0.000000e+00
-9.999380e+01, 0.000000e+00
-9.658804e+01, 0.000000e+00
-8.601446e+01, 0.000000e+00
-6.904644e+01, 0.000000e+00
-4.693501e+01, 0.000000e+00
-2.131757e+01, 0.000000e+00
5.902573e+00, 0.000000e+00
3.269727e+01, 0.000000e+00
5.706447e+01, 0.000000e+00
7.717809e+01, 0.000000e+00
9.152538e+01, 0.000000e+00
9.902154e+01, 0.000000e+00
9.909277e+01, 0.000000e+00
9.172139e+01, 0.000000e+00
7.744931e+01, 0.000000e+00
5.733943e+01, 0.000000e+00
3.289755e+01, 0.000000e+00
5.960462e+00, 0.000000e+00
-2.144147e+01, 0.000000e+00
-4.723712e+01, 0.000000e+00
-6.947121e+01, 0.000000e+00
-8.645299e+01, 0.000000e+00
-9.688546e+01, 0.000000e+00
-9.996550e+01, 0.000000e+00
-9.544678e+01, 0.000000e+00
-8.366072e+01, 0.000000e+00
-6.549342e+01, 0.000000e+00
-4.232023e+01, 0.000000e+00
-1.590262e+01, 0.000000e+00
1.174508e+01, 0.000000e+00
3.850880e+01, 0.000000e+00
6.233643e+01, 0.000000e+00
8.139542e+01, 0.000000e+00
9.421438e+01, 0.000000e+00
9.979763e+01, 0.000000e+00
9.770360e+01, 0.000000e+00
8.808103e+01, 0.000000e+00
7.165978e+01, 0.000000e+00
4.969664e+01, 0.000000e+00
2.388026e+01, 0.000000e+00
-3.797915e+00, 0.000000e+00
-3.119675e+01, 0.000000e+00
-5.619092e+01, 0.000000e+00
-7.683601e+01, 0.000000e+00
-9.152032e+01, 0.000000e+00
-9.909156e+01, 0.000000e+00
-9.894840e+01, 0.000000e+00
-9.108943e+01, 0.000000e+00
-7.611556e+01, 0.000000e+00
-5.518543e+01, 0.000000e+00
-2.992677e+01, 0.000000e+00
-2.310806e+00, 0.000000e+00
2.550108e+01, 0.000000e+00
5.132625e+01, 0.000000e+00
7.313225e+01, 0.000000e+00
8.919727e+01, 0.000000e+00
9.824694e+01, 0.000000e+00
9.955648e+01, 0.000000e+00
9.301001e+01, 0.000000e+00
7.911202e+01, 0.000000e+00
5.894978e+01, 0.000000e+00
3.410953e+01, 0.000000e+00
6.552571e+00, 0.000000e+00
-2.153893e+01, 0.000000e+00
-4.793445e+01, 0.000000e+00
-7.053232e+01, 0.000000e+00
-8.752750e+01, 0.000000e+00
-9.755662e+01, 0.000000e+00
-9.980835e+01, 0.000000e+00
-9.408746e+01, 0.000000e+00
-8.083700e+01, 0.000000e+00
-6.110907e+01, 0.000000e+00
-3.647920e+01, 0.000000e+00
-8.921158e+00, 0.000000e+00
1.935102e+01, 0.000000e+00
4.606114e+01, 0.000000e+00
6.905472e+01, 0.000000e+00
8.647375e+01, 0.000000e+00
9.690809e+01, 0.000000e+00
9.951105e+01, 0.000000e+00
9.406958e+01, 0.000000e+00
8.102317e+01, 0.000000e+00
6.142954e+01, 0.000000e+00
3.687993e+01, 0.000000e+00
9.370463e+00, 0.000000e+00
-1.885999e+01, 0.000000e+00
-4.551221e+01, 0.000000e+00
-6.841455e+01, 0.000000e+00
-8.570090e+01, 0.000000e+00
-9.596397e+01, 0.000000e+00
-9.837139e+01, 0.000000e+00
-9.273464e+01, 0.000000e+00
-7.952529e+01, 0.000000e+00
-5.983678e+01, 0.000000e+00
-3.529489e+01, 0.000000e+00
-7.924081e+00, 0.000000e+00
2.001933e+01, 0.000000e+00
4.623344e+01, 0.000000e+00
6.856108e+01, 0.000000e+00
8.516833e+01, 0.000000e+00
9.469651e+01, 0.000000e+00
9.637477e+01, 0.000000e+00
9.008395e+01, 0.000000e+00
7.636622e+01, 0.000000e+00
5.637967e+01, 0.000000e+00
3.180148e+01, 0.000000e+00
4.687697e+00, 0.000000e+00
-2.269859e+01, 0.000000e+00
-4.807653e+01, 0.000000e+00
-6.933818e+01, 0.000000e+00
-8.472469e+01, 0.000000e+00
-9.297316e+01, 0.000000e+00
-9.342169e+01, 0.000000e+00
-8.606396e+01, 0.000000e+00
-7.154851e+01, 0.000000e+00
-5.112288e+01, 0.000000e+00
-2.652731e+01, 0.000000e+00
1.530919e-01, 0.000000e+00
2.666506e+01, 0.000000e+00
5.077790e+01, 0.000000e+00
7.047200e+01, 0.000000e+00
8.410910e+01, 0.000000e+00
9.056996e+01, 0.000000e+00
8.934759e+01, 0.000000e+00
8.058825e+01, 0.000000e+00
6.507681e+01, 0.000000e+00
4.416769e+01, 0.000000e+00
1.966738e+01, 0.000000e+00
-6.321195e+00, 0.000000e+00
-3.157934e+01, 0.000000e+00
-5.396248e+01, 0.000000e+00
-7.158319e+01, 0.000000e+00
-8.297149e+01, 0.000000e+00
-8.719884e+01, 0.000000e+00
-8.395512e+01, 0.000000e+00
-7.357214e+01, 0.000000e+00
-5.699187e+01, 0.000000e+00
-3.568215e+01, 0.000000e+00
-1.150748e+01, 0.000000e+00
1.343389e+01, 0.000000e+00
3.699233e+01, 0.000000e+00
5.715274e+01, 0.000000e+00
7.220788e+01, 0.000000e+00
8.090419e+01, 0.000000e+00
8.254736e+01, 0.000000e+00
7.705884e+01, 0.000000e+00
6.497843e+01, 0.000000e+00
4.741307e+01, 0.000000e+00
2.593646e+01, 0.000000e+00
2.448645e+00, 0.000000e+00
-2.099204e+01, 0.000000e+00
-4.234972e+01, 0.000000e+00
-5.978859e+01, 0.000000e+00
-7.183176e+01, 0.000000e+00
-7.748749e+01, 0.000000e+00
-7.633192e+01, 0.000000e+00
-6.854128e+01, 0.000000e+00
-5.487114e+01, 0.000000e+00
-3.658465e+01, 0.000000e+00
-1.533684e+01, 0.000000e+00
6.974898e+00, 0.000000e+00
2.838035e+01, 0.000000e+00
4.701102e+01, 0.000000e+00
6.126410e+01, 0.000000e+00
6.994142e+01, 0.000000e+00
7.235119e+01, 0.000000e+00
6.836383e+01, 0.000000e+00
5.841723e+01, 0.000000e+00
4.347154e+01, 0.000000e+00
2.491779e+01, 0.000000e+00
4.449133e+00, 0.000000e+00
-1.609355e+01, 0.000000e+00
-3.488757e+01, 0.000000e+00
-5.029085e+01, 0.000000e+00
-6.098630e+01, 0.000000e+00
-6.609543e+01, 0.000000e+00
-6.525119e+01, 0.000000e+00
-5.862394e+01, 0.000000e+00
-4.689882e+01, 0.000000e+00
-3.120702e+01, 0.000000e+00
-1.301766e+01, 0.000000e+00
5.999340e+00, 0.000000e+00
2.412667e+01, 0.000000e+00
3.975528e+01, 0.000000e+00
5.152801e+01, 0.000000e+00
5.845827e+01, 0.000000e+00
6.001342e+01, 0.000000e+00
5.615560e+01, 0.000000e+00
4.733689e+01, 0.000000e+00
3.444997e+01, 0.000000e+00
1.873935e+01, 0.000000e+00
1.681847e+00, 0.000000e+00
-1.515206e+01, 0.000000e+00
-3.024327e+01, 0.000000e+00
-4.226177e+01, 0.000000e+00
-5.018466e+01, 0.000000e+00
-5.338380e+01, 0.000000e+00
-5.167554e+01, 0.000000e+00
-4.532860e+01, 0.000000e+00
-3.503006e+01, 0.000000e+00
-2.181339e+01, 0.000000e+00
-6.955833e+00, 0.000000e+00
8.144649e+00, 0.000000e+00
2.210114e+01, 0.000000e+00
3.366569e+01, 0.000000e+00
4.184163e+01, 0.000000e+00
4.596993e+01, 0.000000e+00
4.578225e+01, 0.000000e+00
4.141624e+01, 0.000000e+00
3.339250e+01, 0.000000e+00
2.255627e+01, 0.000000e+00
9.990071e+00, 0.000000e+00
-3.093816e+00, 0.000000e+00
-1.547030e+01, 0.000000e+00
-2.601664e+01, 0.000000e+00
-3.381493e+01, 0.000000e+00
-3.823238e+01, 0.000000e+00
-3.897243e+01, 0.000000e+00
-3.609253e+01, 0.000000e+00
-2.998765e+01, 0.000000e+00
-2.134227e+01, 0.000000e+00
-1.105606e+01, 0.000000e+00
-1.513218e-01, 0.000000e+00
1.032842e+01, 0.000000e+00
1.941864e+01, 0.000000e+00
2.632307e+01, 0.000000e+00
3.048383e+01, 0.000000e+00
3.162603e+01, 0.000000e+00
2.977335e+01, 0.000000e+00
2.523415e+01, 0.000000e+00
1.856021e+01, 0.000000e+00
1.048337e+01, 0.000000e+00
1.836859e+00, 0.000000e+00
-6.530193e+00, 0.000000e+00
-1.383634e+01, 0.000000e+00
-1.944129e+01, 0.000000e+00
-2.290221e+01, 0.000000e+00
-2.400795e+01, 0.000000e+00
-2.278847e+01, 0.000000e+00
-1.949972e+01, 0.000000e+00
-1.458630e+01, 0.000000e+00
-8.626834e+00, 0.000000e+00
-2.268317e+00, 0.000000e+00
3.843229e+00, 0.000000e+00
9.128460e+00, 0.000000e+00
1.313004e+01, 0.000000e+00
1.555224e+01, 0.000000e+00
1.628138e+01, 0.000000e+00
1.538582e+01, 0.000000e+00
1.309647e+01, 0.000000e+00
9.770981e+00, 0.000000e+00
5.846194e+00, 0.000000e+00
1.784855e+00, 0.000000e+00
-1.977305e+00, 0.000000e+00
-5.078118e+00, 0.000000e+00
-7.264198e+00, 0.000000e+00
-8.411340e+00, 0.000000e+00
-8.528469e+00, 0.000000e+00
-7.745476e+00, 0.000000e+00
-6.287171e+00, 0.000000e+00
-4.437154e+00, 0.000000e+00
-2.496494e+00, 0.000000e+00
-7.425662e-01, 0.000000e+00
6.067535e-01, 0.000000e+00
1.419162e+00, 0.000000e+00
1.661200e+00, 0.000000e+00
1.397340e+00, 0.000000e+00
7.753308e-01, 0.000000e+00
##END= 
