##TITLE= Parameter file, TopSpin 3.5 pl 2
##JCAMPDX= 5.0
##DATATYPE= Parameter Values
##NPOINTS= 1001	$$ modification sequence number
##ORIGIN= Bruker BioSpin GmbH
##OWNER= BRUKER
$$ 2015-06-24 16:28:24.640 +0200  INTRA-BRKR-CORP\Venita.Daebel@RHE6089NB
$$ C:\Bruker\TopSpin3.5pl2\exp\stan\nmr\lists\wave\user\dream_vR60k_d18k.1000
$$ process C:\Bruker\TopSpin3.5pl2\prog\mod\toolserver.exe
##MINX= 25.00000000
##MAXX= 100.00000000
##MINY= 0.00000000
##MAXY= 0.00000000
##$SHAPE_ADDPHASE= 0
##$SHAPE_AMP= 100
##$SHAPE_BWFAC= 1.122
##$SHAPE_BWFAC50= 0
##$SHAPE_CALCBW= yes
##$SHAPE_CALCINTEG= yes
##$SHAPE_EXMODE= <Excitation>
##$SHAPE_EXPAND= <CUSTOM 0>
##$SHAPE_EXPANDCF= (0..143)
0 0 0 0 0 0 0 0 0 0 0 0 0 0 0 0 0 0 0 0 0 0 0 0 0 0 0 0 0 0 0 0 0 0 0 0
0 0 0 0 0 0 0 0 0 0 0 0 0 0 0 0 0 0 0 0 0 0 0 0 0 0 0 0 0 0 0 0 0 0 0 0
0 0 0 0 0 0 0 0 0 0 0 0 0 0 0 0 0 0 0 0 0 0 0 0 0 0 0 0 0 0 0 0 0 0 0 0
0 0 0 0 0 0 0 0 0 0 0 0 0 0 0 0 0 0 0 0 0 0 0 0 0 0 0 0 0 0 0 0 0 0 0 0
##$SHAPE_EXPFAC= 0
##$SHAPE_FRACEND= 0
##$SHAPE_FRACORG= 0
##$SHAPE_FRACSTART= 0
##$SHAPE_FUNCAMP= 0
##$SHAPE_GB1MAX= 0
##$SHAPE_INTEGFAC= 0.625
##$SHAPE_LENGTH= 5000
##$SHAPE_MAN= <>
##$SHAPE_MODE= 0
##$SHAPE_MODFREQ= 0
##$SHAPE_MODPHASE= 0
##$SHAPE_MODSCALE= 0
##$SHAPE_MODSW= 0
##$SHAPE_MODSWDIR= -1
##$SHAPE_NPOINTS= 1000
##$SHAPE_OFFS= <0 0>
##$SHAPE_OFFSCOEFF= (0..47)
0 0 0 0 0 0 0 0 0 0 0 0 0 0 0 0 0 0 0 0 0 0 0 0 0 0 0 0 0 0 0 0 0 0 0 0
0 0 0 0 0 0 0 0 0 0 0 0
##$SHAPE_PARAMETER= <>
##$SHAPE_REPHFAC= 0
##$SHAPE_SCALETYPE= 0
##$SHAPE_SPOAL= 0
##$SHAPE_SPOFFS= 0
##$SHAPE_SPOPH= 0
##$SHAPE_TOTROT= 90
##$SHAPE_TYPE= <Excitation>
##$SHAPE_USER_DEF= 0
##$SHAPE_VERSION= 2
##$SHL_ADDPHASE= (0..15)
0 0 0 0 0 0 0 0 0 0 0 0 0 0 0 0
##$SHL_ALIGNOFFSET= (0..15)
0 0 0 0 0 0 0 0 0 0 0 0 0 0 0 0
##$SHL_AMP= (0..15)
100 0 0 0 0 0 0 0 0 0 0 0 0 0 0 0
##$SHL_AMPFAC= (0..15)
62 0 0 0 0 0 0 0 0 0 0 0 0 0 0 0
##$SHL_BETA= (0..15)
0 0 0 0 0 0 0 0 0 0 0 0 0 0 0 0
##$SHL_BWFAC= (0..15)
1.122 0 0 0 0 0 0 0 0 0 0 0 0 0 0 0
##$SHL_CENTERAMP= (0..15)
0 0 0 0 0 0 0 0 0 0 0 0 0 0 0 0
##$SHL_CYCNUM= (0..15)
0 0 0 0 0 0 0 0 0 0 0 0 0 0 0 0
##$SHL_DIPOLCPL= (0..15)
1000.00000004 0 0 0 0 0 0 0 0 0 0 0 0 0 0 0
##$SHL_ENDAMP= (0..15)
0 0 0 0 0 0 0 0 0 0 0 0 0 0 0 0
##$SHL_EXMODE= (0..15)
<Excitation> <> <> <> <> <> <> <> <> <> <> <> <> <> <> <>
##$SHL_EXPAND= (0..15)
<> <> <> <> <> <> <> <> <> <> <> <> <> <> <> <>
##$SHL_EXPANDCF0= (0..143)
0 0 0 0 0 0 0 0 0 0 0 0 0 0 0 0 0 0 0 0 0 0 0 0 0 0 0 0 0 0 0 0 0 0 0 0
0 0 0 0 0 0 0 0 0 0 0 0 0 0 0 0 0 0 0 0 0 0 0 0 0 0 0 0 0 0 0 0 0 0 0 0
0 0 0 0 0 0 0 0 0 0 0 0 0 0 0 0 0 0 0 0 0 0 0 0 0 0 0 0 0 0 0 0 0 0 0 0
0 0 0 0 0 0 0 0 0 0 0 0 0 0 0 0 0 0 0 0 0 0 0 0 0 0 0 0 0 0 0 0 0 0 0 0
##$SHL_EXPANDCF1= (0..143)
0 0 0 0 0 0 0 0 0 0 0 0 0 0 0 0 0 0 0 0 0 0 0 0 0 0 0 0 0 0 0 0 0 0 0 0
0 0 0 0 0 0 0 0 0 0 0 0 0 0 0 0 0 0 0 0 0 0 0 0 0 0 0 0 0 0 0 0 0 0 0 0
0 0 0 0 0 0 0 0 0 0 0 0 0 0 0 0 0 0 0 0 0 0 0 0 0 0 0 0 0 0 0 0 0 0 0 0
0 0 0 0 0 0 0 0 0 0 0 0 0 0 0 0 0 0 0 0 0 0 0 0 0 0 0 0 0 0 0 0 0 0 0 0
##$SHL_EXPANDCF10= (0..143)
0 0 0 0 0 0 0 0 0 0 0 0 0 0 0 0 0 0 0 0 0 0 0 0 0 0 0 0 0 0 0 0 0 0 0 0
0 0 0 0 0 0 0 0 0 0 0 0 0 0 0 0 0 0 0 0 0 0 0 0 0 0 0 0 0 0 0 0 0 0 0 0
0 0 0 0 0 0 0 0 0 0 0 0 0 0 0 0 0 0 0 0 0 0 0 0 0 0 0 0 0 0 0 0 0 0 0 0
0 0 0 0 0 0 0 0 0 0 0 0 0 0 0 0 0 0 0 0 0 0 0 0 0 0 0 0 0 0 0 0 0 0 0 0
##$SHL_EXPANDCF11= (0..143)
0 0 0 0 0 0 0 0 0 0 0 0 0 0 0 0 0 0 0 0 0 0 0 0 0 0 0 0 0 0 0 0 0 0 0 0
0 0 0 0 0 0 0 0 0 0 0 0 0 0 0 0 0 0 0 0 0 0 0 0 0 0 0 0 0 0 0 0 0 0 0 0
0 0 0 0 0 0 0 0 0 0 0 0 0 0 0 0 0 0 0 0 0 0 0 0 0 0 0 0 0 0 0 0 0 0 0 0
0 0 0 0 0 0 0 0 0 0 0 0 0 0 0 0 0 0 0 0 0 0 0 0 0 0 0 0 0 0 0 0 0 0 0 0
##$SHL_EXPANDCF12= (0..143)
0 0 0 0 0 0 0 0 0 0 0 0 0 0 0 0 0 0 0 0 0 0 0 0 0 0 0 0 0 0 0 0 0 0 0 0
0 0 0 0 0 0 0 0 0 0 0 0 0 0 0 0 0 0 0 0 0 0 0 0 0 0 0 0 0 0 0 0 0 0 0 0
0 0 0 0 0 0 0 0 0 0 0 0 0 0 0 0 0 0 0 0 0 0 0 0 0 0 0 0 0 0 0 0 0 0 0 0
0 0 0 0 0 0 0 0 0 0 0 0 0 0 0 0 0 0 0 0 0 0 0 0 0 0 0 0 0 0 0 0 0 0 0 0
##$SHL_EXPANDCF13= (0..143)
0 0 0 0 0 0 0 0 0 0 0 0 0 0 0 0 0 0 0 0 0 0 0 0 0 0 0 0 0 0 0 0 0 0 0 0
0 0 0 0 0 0 0 0 0 0 0 0 0 0 0 0 0 0 0 0 0 0 0 0 0 0 0 0 0 0 0 0 0 0 0 0
0 0 0 0 0 0 0 0 0 0 0 0 0 0 0 0 0 0 0 0 0 0 0 0 0 0 0 0 0 0 0 0 0 0 0 0
0 0 0 0 0 0 0 0 0 0 0 0 0 0 0 0 0 0 0 0 0 0 0 0 0 0 0 0 0 0 0 0 0 0 0 0
##$SHL_EXPANDCF14= (0..143)
0 0 0 0 0 0 0 0 0 0 0 0 0 0 0 0 0 0 0 0 0 0 0 0 0 0 0 0 0 0 0 0 0 0 0 0
0 0 0 0 0 0 0 0 0 0 0 0 0 0 0 0 0 0 0 0 0 0 0 0 0 0 0 0 0 0 0 0 0 0 0 0
0 0 0 0 0 0 0 0 0 0 0 0 0 0 0 0 0 0 0 0 0 0 0 0 0 0 0 0 0 0 0 0 0 0 0 0
0 0 0 0 0 0 0 0 0 0 0 0 0 0 0 0 0 0 0 0 0 0 0 0 0 0 0 0 0 0 0 0 0 0 0 0
##$SHL_EXPANDCF15= (0..143)
0 0 0 0 0 0 0 0 0 0 0 0 0 0 0 0 0 0 0 0 0 0 0 0 0 0 0 0 0 0 0 0 0 0 0 0
0 0 0 0 0 0 0 0 0 0 0 0 0 0 0 0 0 0 0 0 0 0 0 0 0 0 0 0 0 0 0 0 0 0 0 0
0 0 0 0 0 0 0 0 0 0 0 0 0 0 0 0 0 0 0 0 0 0 0 0 0 0 0 0 0 0 0 0 0 0 0 0
0 0 0 0 0 0 0 0 0 0 0 0 0 0 0 0 0 0 0 0 0 0 0 0 0 0 0 0 0 0 0 0 0 0 0 0
##$SHL_EXPANDCF2= (0..143)
0 0 0 0 0 0 0 0 0 0 0 0 0 0 0 0 0 0 0 0 0 0 0 0 0 0 0 0 0 0 0 0 0 0 0 0
0 0 0 0 0 0 0 0 0 0 0 0 0 0 0 0 0 0 0 0 0 0 0 0 0 0 0 0 0 0 0 0 0 0 0 0
0 0 0 0 0 0 0 0 0 0 0 0 0 0 0 0 0 0 0 0 0 0 0 0 0 0 0 0 0 0 0 0 0 0 0 0
0 0 0 0 0 0 0 0 0 0 0 0 0 0 0 0 0 0 0 0 0 0 0 0 0 0 0 0 0 0 0 0 0 0 0 0
##$SHL_EXPANDCF3= (0..143)
0 0 0 0 0 0 0 0 0 0 0 0 0 0 0 0 0 0 0 0 0 0 0 0 0 0 0 0 0 0 0 0 0 0 0 0
0 0 0 0 0 0 0 0 0 0 0 0 0 0 0 0 0 0 0 0 0 0 0 0 0 0 0 0 0 0 0 0 0 0 0 0
0 0 0 0 0 0 0 0 0 0 0 0 0 0 0 0 0 0 0 0 0 0 0 0 0 0 0 0 0 0 0 0 0 0 0 0
0 0 0 0 0 0 0 0 0 0 0 0 0 0 0 0 0 0 0 0 0 0 0 0 0 0 0 0 0 0 0 0 0 0 0 0
##$SHL_EXPANDCF4= (0..143)
0 0 0 0 0 0 0 0 0 0 0 0 0 0 0 0 0 0 0 0 0 0 0 0 0 0 0 0 0 0 0 0 0 0 0 0
0 0 0 0 0 0 0 0 0 0 0 0 0 0 0 0 0 0 0 0 0 0 0 0 0 0 0 0 0 0 0 0 0 0 0 0
0 0 0 0 0 0 0 0 0 0 0 0 0 0 0 0 0 0 0 0 0 0 0 0 0 0 0 0 0 0 0 0 0 0 0 0
0 0 0 0 0 0 0 0 0 0 0 0 0 0 0 0 0 0 0 0 0 0 0 0 0 0 0 0 0 0 0 0 0 0 0 0
##$SHL_EXPANDCF5= (0..143)
0 0 0 0 0 0 0 0 0 0 0 0 0 0 0 0 0 0 0 0 0 0 0 0 0 0 0 0 0 0 0 0 0 0 0 0
0 0 0 0 0 0 0 0 0 0 0 0 0 0 0 0 0 0 0 0 0 0 0 0 0 0 0 0 0 0 0 0 0 0 0 0
0 0 0 0 0 0 0 0 0 0 0 0 0 0 0 0 0 0 0 0 0 0 0 0 0 0 0 0 0 0 0 0 0 0 0 0
0 0 0 0 0 0 0 0 0 0 0 0 0 0 0 0 0 0 0 0 0 0 0 0 0 0 0 0 0 0 0 0 0 0 0 0
##$SHL_EXPANDCF6= (0..143)
0 0 0 0 0 0 0 0 0 0 0 0 0 0 0 0 0 0 0 0 0 0 0 0 0 0 0 0 0 0 0 0 0 0 0 0
0 0 0 0 0 0 0 0 0 0 0 0 0 0 0 0 0 0 0 0 0 0 0 0 0 0 0 0 0 0 0 0 0 0 0 0
0 0 0 0 0 0 0 0 0 0 0 0 0 0 0 0 0 0 0 0 0 0 0 0 0 0 0 0 0 0 0 0 0 0 0 0
0 0 0 0 0 0 0 0 0 0 0 0 0 0 0 0 0 0 0 0 0 0 0 0 0 0 0 0 0 0 0 0 0 0 0 0
##$SHL_EXPANDCF7= (0..143)
0 0 0 0 0 0 0 0 0 0 0 0 0 0 0 0 0 0 0 0 0 0 0 0 0 0 0 0 0 0 0 0 0 0 0 0
0 0 0 0 0 0 0 0 0 0 0 0 0 0 0 0 0 0 0 0 0 0 0 0 0 0 0 0 0 0 0 0 0 0 0 0
0 0 0 0 0 0 0 0 0 0 0 0 0 0 0 0 0 0 0 0 0 0 0 0 0 0 0 0 0 0 0 0 0 0 0 0
0 0 0 0 0 0 0 0 0 0 0 0 0 0 0 0 0 0 0 0 0 0 0 0 0 0 0 0 0 0 0 0 0 0 0 0
##$SHL_EXPANDCF8= (0..143)
0 0 0 0 0 0 0 0 0 0 0 0 0 0 0 0 0 0 0 0 0 0 0 0 0 0 0 0 0 0 0 0 0 0 0 0
0 0 0 0 0 0 0 0 0 0 0 0 0 0 0 0 0 0 0 0 0 0 0 0 0 0 0 0 0 0 0 0 0 0 0 0
0 0 0 0 0 0 0 0 0 0 0 0 0 0 0 0 0 0 0 0 0 0 0 0 0 0 0 0 0 0 0 0 0 0 0 0
0 0 0 0 0 0 0 0 0 0 0 0 0 0 0 0 0 0 0 0 0 0 0 0 0 0 0 0 0 0 0 0 0 0 0 0
##$SHL_EXPANDCF9= (0..143)
0 0 0 0 0 0 0 0 0 0 0 0 0 0 0 0 0 0 0 0 0 0 0 0 0 0 0 0 0 0 0 0 0 0 0 0
0 0 0 0 0 0 0 0 0 0 0 0 0 0 0 0 0 0 0 0 0 0 0 0 0 0 0 0 0 0 0 0 0 0 0 0
0 0 0 0 0 0 0 0 0 0 0 0 0 0 0 0 0 0 0 0 0 0 0 0 0 0 0 0 0 0 0 0 0 0 0 0
0 0 0 0 0 0 0 0 0 0 0 0 0 0 0 0 0 0 0 0 0 0 0 0 0 0 0 0 0 0 0 0 0 0 0 0
##$SHL_EXPFAC= (0..15)
0 0 0 0 0 0 0 0 0 0 0 0 0 0 0 0
##$SHL_FRACEND= (0..15)
0 0 0 0 0 0 0 0 0 0 0 0 0 0 0 0
##$SHL_FRACORG= (0..15)
0 0 0 0 0 0 0 0 0 0 0 0 0 0 0 0
##$SHL_FRACSTART= (0..15)
0 0 0 0 0 0 0 0 0 0 0 0 0 0 0 0
##$SHL_FULLHALF= (0..15)
0 0 0 0 0 0 0 0 0 0 0 0 0 0 0 0
##$SHL_FUNCAMP= (0..15)
99.2 0 0 0 0 0 0 0 0 0 0 0 0 0 0 0
##$SHL_FUNCTION= (0..15)
<TangAmplitudeMod> <> <> <> <> <> <> <> <> <> <> <> <> <> <> <>
##$SHL_GB1MAX= (0..15)
0 0 0 0 0 0 0 0 0 0 0 0 0 0 0 0
##$SHL_GCO= (0..15)
<> <> <> <> <> <> <> <> <> <> <> <> <> <> <> <>
##$SHL_GCOCOEFFS0= (0..59)
0 0 0 0 0 0 0 0 0 0 0 0 0 0 0 0 0 0 0 0 0 0 0 0 0 0 0 0 0 0 0 0 0 0 0 0
0 0 0 0 0 0 0 0 0 0 0 0 0 0 0 0 0 0 0 0 0 0 0 0
##$SHL_GCOCOEFFS1= (0..59)
0 0 0 0 0 0 0 0 0 0 0 0 0 0 0 0 0 0 0 0 0 0 0 0 0 0 0 0 0 0 0 0 0 0 0 0
0 0 0 0 0 0 0 0 0 0 0 0 0 0 0 0 0 0 0 0 0 0 0 0
##$SHL_GCOCOEFFS10= (0..59)
0 0 0 0 0 0 0 0 0 0 0 0 0 0 0 0 0 0 0 0 0 0 0 0 0 0 0 0 0 0 0 0 0 0 0 0
0 0 0 0 0 0 0 0 0 0 0 0 0 0 0 0 0 0 0 0 0 0 0 0
##$SHL_GCOCOEFFS11= (0..59)
0 0 0 0 0 0 0 0 0 0 0 0 0 0 0 0 0 0 0 0 0 0 0 0 0 0 0 0 0 0 0 0 0 0 0 0
0 0 0 0 0 0 0 0 0 0 0 0 0 0 0 0 0 0 0 0 0 0 0 0
##$SHL_GCOCOEFFS12= (0..59)
0 0 0 0 0 0 0 0 0 0 0 0 0 0 0 0 0 0 0 0 0 0 0 0 0 0 0 0 0 0 0 0 0 0 0 0
0 0 0 0 0 0 0 0 0 0 0 0 0 0 0 0 0 0 0 0 0 0 0 0
##$SHL_GCOCOEFFS13= (0..59)
0 0 0 0 0 0 0 0 0 0 0 0 0 0 0 0 0 0 0 0 0 0 0 0 0 0 0 0 0 0 0 0 0 0 0 0
0 0 0 0 0 0 0 0 0 0 0 0 0 0 0 0 0 0 0 0 0 0 0 0
##$SHL_GCOCOEFFS14= (0..59)
0 0 0 0 0 0 0 0 0 0 0 0 0 0 0 0 0 0 0 0 0 0 0 0 0 0 0 0 0 0 0 0 0 0 0 0
0 0 0 0 0 0 0 0 0 0 0 0 0 0 0 0 0 0 0 0 0 0 0 0
##$SHL_GCOCOEFFS15= (0..59)
0 0 0 0 0 0 0 0 0 0 0 0 0 0 0 0 0 0 0 0 0 0 0 0 0 0 0 0 0 0 0 0 0 0 0 0
0 0 0 0 0 0 0 0 0 0 0 0 0 0 0 0 0 0 0 0 0 0 0 0
##$SHL_GCOCOEFFS2= (0..59)
0 0 0 0 0 0 0 0 0 0 0 0 0 0 0 0 0 0 0 0 0 0 0 0 0 0 0 0 0 0 0 0 0 0 0 0
0 0 0 0 0 0 0 0 0 0 0 0 0 0 0 0 0 0 0 0 0 0 0 0
##$SHL_GCOCOEFFS3= (0..59)
0 0 0 0 0 0 0 0 0 0 0 0 0 0 0 0 0 0 0 0 0 0 0 0 0 0 0 0 0 0 0 0 0 0 0 0
0 0 0 0 0 0 0 0 0 0 0 0 0 0 0 0 0 0 0 0 0 0 0 0
##$SHL_GCOCOEFFS4= (0..59)
0 0 0 0 0 0 0 0 0 0 0 0 0 0 0 0 0 0 0 0 0 0 0 0 0 0 0 0 0 0 0 0 0 0 0 0
0 0 0 0 0 0 0 0 0 0 0 0 0 0 0 0 0 0 0 0 0 0 0 0
##$SHL_GCOCOEFFS5= (0..59)
0 0 0 0 0 0 0 0 0 0 0 0 0 0 0 0 0 0 0 0 0 0 0 0 0 0 0 0 0 0 0 0 0 0 0 0
0 0 0 0 0 0 0 0 0 0 0 0 0 0 0 0 0 0 0 0 0 0 0 0
##$SHL_GCOCOEFFS6= (0..59)
0 0 0 0 0 0 0 0 0 0 0 0 0 0 0 0 0 0 0 0 0 0 0 0 0 0 0 0 0 0 0 0 0 0 0 0
0 0 0 0 0 0 0 0 0 0 0 0 0 0 0 0 0 0 0 0 0 0 0 0
##$SHL_GCOCOEFFS7= (0..59)
0 0 0 0 0 0 0 0 0 0 0 0 0 0 0 0 0 0 0 0 0 0 0 0 0 0 0 0 0 0 0 0 0 0 0 0
0 0 0 0 0 0 0 0 0 0 0 0 0 0 0 0 0 0 0 0 0 0 0 0
##$SHL_GCOCOEFFS8= (0..59)
0 0 0 0 0 0 0 0 0 0 0 0 0 0 0 0 0 0 0 0 0 0 0 0 0 0 0 0 0 0 0 0 0 0 0 0
0 0 0 0 0 0 0 0 0 0 0 0 0 0 0 0 0 0 0 0 0 0 0 0
##$SHL_GCOCOEFFS9= (0..59)
0 0 0 0 0 0 0 0 0 0 0 0 0 0 0 0 0 0 0 0 0 0 0 0 0 0 0 0 0 0 0 0 0 0 0 0
0 0 0 0 0 0 0 0 0 0 0 0 0 0 0 0 0 0 0 0 0 0 0 0
##$SHL_INTEGFAC= (0..15)
0.625 0 0 0 0 0 0 0 0 0 0 0 0 0 0 0
##$SHL_LB= (0..15)
0 0 0 0 0 0 0 0 0 0 0 0 0 0 0 0
##$SHL_LEFTLIMIT= (0..15)
0 0 0 0 0 0 0 0 0 0 0 0 0 0 0 0
##$SHL_LENGTH= (0..15)
5000 0 0 0 0 0 0 0 0 0 0 0 0 0 0 0
##$SHL_MAN= (0..15)
<> <> <> <> <> <> <> <> <> <> <> <> <> <> <> <>
##$SHL_MEANAMP= (0..15)
30000 0 0 0 0 0 0 0 0 0 0 0 0 0 0 0
##$SHL_MODAMP= (0..15)
18000 0 0 0 0 0 0 0 0 0 0 0 0 0 0 0
##$SHL_MODE= (0..15)
0 0 0 0 0 0 0 0 0 0 0 0 0 0 0 0
##$SHL_MODFREQ= (0..15)
0 0 0 0 0 0 0 0 0 0 0 0 0 0 0 0
##$SHL_MODPHASE= (0..15)
0 0 0 0 0 0 0 0 0 0 0 0 0 0 0 0
##$SHL_MODSCALE= (0..15)
0 0 0 0 0 0 0 0 0 0 0 0 0 0 0 0
##$SHL_MODSW= (0..15)
0 0 0 0 0 0 0 0 0 0 0 0 0 0 0 0
##$SHL_MODSWDIR= (0..15)
-1 -1 -1 -1 -1 -1 -1 -1 -1 -1 -1 -1 -1 -1 -1 -1
##$SHL_MU= (0..15)
0 0 0 0 0 0 0 0 0 0 0 0 0 0 0 0
##$SHL_NPOINTS= (0..15)
1000 0 0 0 0 0 0 0 0 0 0 0 0 0 0 0
##$SHL_OFFS= (0..15)
<> <> <> <> <> <> <> <> <> <> <> <> <> <> <> <>
##$SHL_OFFSCOEFF0= (0..47)
0 0 0 0 0 0 0 0 0 0 0 0 0 0 0 0 0 0 0 0 0 0 0 0 0 0 0 0 0 0 0 0 0 0 0 0
0 0 0 0 0 0 0 0 0 0 0 0
##$SHL_OFFSCOEFF1= (0..47)
0 0 0 0 0 0 0 0 0 0 0 0 0 0 0 0 0 0 0 0 0 0 0 0 0 0 0 0 0 0 0 0 0 0 0 0
0 0 0 0 0 0 0 0 0 0 0 0
##$SHL_OFFSCOEFF10= (0..47)
0 0 0 0 0 0 0 0 0 0 0 0 0 0 0 0 0 0 0 0 0 0 0 0 0 0 0 0 0 0 0 0 0 0 0 0
0 0 0 0 0 0 0 0 0 0 0 0
##$SHL_OFFSCOEFF11= (0..47)
0 0 0 0 0 0 0 0 0 0 0 0 0 0 0 0 0 0 0 0 0 0 0 0 0 0 0 0 0 0 0 0 0 0 0 0
0 0 0 0 0 0 0 0 0 0 0 0
##$SHL_OFFSCOEFF12= (0..47)
0 0 0 0 0 0 0 0 0 0 0 0 0 0 0 0 0 0 0 0 0 0 0 0 0 0 0 0 0 0 0 0 0 0 0 0
0 0 0 0 0 0 0 0 0 0 0 0
##$SHL_OFFSCOEFF13= (0..47)
0 0 0 0 0 0 0 0 0 0 0 0 0 0 0 0 0 0 0 0 0 0 0 0 0 0 0 0 0 0 0 0 0 0 0 0
0 0 0 0 0 0 0 0 0 0 0 0
##$SHL_OFFSCOEFF14= (0..47)
0 0 0 0 0 0 0 0 0 0 0 0 0 0 0 0 0 0 0 0 0 0 0 0 0 0 0 0 0 0 0 0 0 0 0 0
0 0 0 0 0 0 0 0 0 0 0 0
##$SHL_OFFSCOEFF15= (0..47)
0 0 0 0 0 0 0 0 0 0 0 0 0 0 0 0 0 0 0 0 0 0 0 0 0 0 0 0 0 0 0 0 0 0 0 0
0 0 0 0 0 0 0 0 0 0 0 0
##$SHL_OFFSCOEFF2= (0..47)
0 0 0 0 0 0 0 0 0 0 0 0 0 0 0 0 0 0 0 0 0 0 0 0 0 0 0 0 0 0 0 0 0 0 0 0
0 0 0 0 0 0 0 0 0 0 0 0
##$SHL_OFFSCOEFF3= (0..47)
0 0 0 0 0 0 0 0 0 0 0 0 0 0 0 0 0 0 0 0 0 0 0 0 0 0 0 0 0 0 0 0 0 0 0 0
0 0 0 0 0 0 0 0 0 0 0 0
##$SHL_OFFSCOEFF4= (0..47)
0 0 0 0 0 0 0 0 0 0 0 0 0 0 0 0 0 0 0 0 0 0 0 0 0 0 0 0 0 0 0 0 0 0 0 0
0 0 0 0 0 0 0 0 0 0 0 0
##$SHL_OFFSCOEFF5= (0..47)
0 0 0 0 0 0 0 0 0 0 0 0 0 0 0 0 0 0 0 0 0 0 0 0 0 0 0 0 0 0 0 0 0 0 0 0
0 0 0 0 0 0 0 0 0 0 0 0
##$SHL_OFFSCOEFF6= (0..47)
0 0 0 0 0 0 0 0 0 0 0 0 0 0 0 0 0 0 0 0 0 0 0 0 0 0 0 0 0 0 0 0 0 0 0 0
0 0 0 0 0 0 0 0 0 0 0 0
##$SHL_OFFSCOEFF7= (0..47)
0 0 0 0 0 0 0 0 0 0 0 0 0 0 0 0 0 0 0 0 0 0 0 0 0 0 0 0 0 0 0 0 0 0 0 0
0 0 0 0 0 0 0 0 0 0 0 0
##$SHL_OFFSCOEFF8= (0..47)
0 0 0 0 0 0 0 0 0 0 0 0 0 0 0 0 0 0 0 0 0 0 0 0 0 0 0 0 0 0 0 0 0 0 0 0
0 0 0 0 0 0 0 0 0 0 0 0
##$SHL_OFFSCOEFF9= (0..47)
0 0 0 0 0 0 0 0 0 0 0 0 0 0 0 0 0 0 0 0 0 0 0 0 0 0 0 0 0 0 0 0 0 0 0 0
0 0 0 0 0 0 0 0 0 0 0 0
##$SHL_PHASE= (0..15)
86.82016988 0 0 0 0 0 0 0 0 0 0 0 0 0 0 0
##$SHL_PHASEFAC= (0..15)
0 0 0 0 0 0 0 0 0 0 0 0 0 0 0 0
##$SHL_POWERINDEX= (0..15)
0 0 0 0 0 0 0 0 0 0 0 0 0 0 0 0
##$SHL_QUADCOEFF= (0..15)
0 0 0 0 0 0 0 0 0 0 0 0 0 0 0 0
##$SHL_RIGHTLIMIT= (0..15)
0 0 0 0 0 0 0 0 0 0 0 0 0 0 0 0
##$SHL_SCALEFACTOR= (0..15)
1.00806452 0 0 0 0 0 0 0 0 0 0 0 0 0 0 0
##$SHL_SF= (0..15)
<> <> <> <> <> <> <> <> <> <> <> <> <> <> <> <>
##$SHL_SFCOEFFS0= (0..200)
0 0 0 0 0 0 0 0 0 0 0 0 0 0 0 0 0 0 0 0 0 0 0 0 0 0 0 0 0 0 0 0 0 0 0 0
0 0 0 0 0 0 0 0 0 0 0 0 0 0 0 0 0 0 0 0 0 0 0 0 0 0 0 0 0 0 0 0 0 0 0 0
0 0 0 0 0 0 0 0 0 0 0 0 0 0 0 0 0 0 0 0 0 0 0 0 0 0 0 0 0 0 0 0 0 0 0 0
0 0 0 0 0 0 0 0 0 0 0 0 0 0 0 0 0 0 0 0 0 0 0 0 0 0 0 0 0 0 0 0 0 0 0 0
0 0 0 0 0 0 0 0 0 0 0 0 0 0 0 0 0 0 0 0 0 0 0 0 0 0 0 0 0 0 0 0 0 0 0 0
0 0 0 0 0 0 0 0 0 0 0 0 0 0 0 0 0 0 0 0 0
##$SHL_SFCOEFFS1= (0..200)
0 0 0 0 0 0 0 0 0 0 0 0 0 0 0 0 0 0 0 0 0 0 0 0 0 0 0 0 0 0 0 0 0 0 0 0
0 0 0 0 0 0 0 0 0 0 0 0 0 0 0 0 0 0 0 0 0 0 0 0 0 0 0 0 0 0 0 0 0 0 0 0
0 0 0 0 0 0 0 0 0 0 0 0 0 0 0 0 0 0 0 0 0 0 0 0 0 0 0 0 0 0 0 0 0 0 0 0
0 0 0 0 0 0 0 0 0 0 0 0 0 0 0 0 0 0 0 0 0 0 0 0 0 0 0 0 0 0 0 0 0 0 0 0
0 0 0 0 0 0 0 0 0 0 0 0 0 0 0 0 0 0 0 0 0 0 0 0 0 0 0 0 0 0 0 0 0 0 0 0
0 0 0 0 0 0 0 0 0 0 0 0 0 0 0 0 0 0 0 0 0
##$SHL_SFCOEFFS10= (0..200)
0 0 0 0 0 0 0 0 0 0 0 0 0 0 0 0 0 0 0 0 0 0 0 0 0 0 0 0 0 0 0 0 0 0 0 0
0 0 0 0 0 0 0 0 0 0 0 0 0 0 0 0 0 0 0 0 0 0 0 0 0 0 0 0 0 0 0 0 0 0 0 0
0 0 0 0 0 0 0 0 0 0 0 0 0 0 0 0 0 0 0 0 0 0 0 0 0 0 0 0 0 0 0 0 0 0 0 0
0 0 0 0 0 0 0 0 0 0 0 0 0 0 0 0 0 0 0 0 0 0 0 0 0 0 0 0 0 0 0 0 0 0 0 0
0 0 0 0 0 0 0 0 0 0 0 0 0 0 0 0 0 0 0 0 0 0 0 0 0 0 0 0 0 0 0 0 0 0 0 0
0 0 0 0 0 0 0 0 0 0 0 0 0 0 0 0 0 0 0 0 0
##$SHL_SFCOEFFS11= (0..200)
0 0 0 0 0 0 0 0 0 0 0 0 0 0 0 0 0 0 0 0 0 0 0 0 0 0 0 0 0 0 0 0 0 0 0 0
0 0 0 0 0 0 0 0 0 0 0 0 0 0 0 0 0 0 0 0 0 0 0 0 0 0 0 0 0 0 0 0 0 0 0 0
0 0 0 0 0 0 0 0 0 0 0 0 0 0 0 0 0 0 0 0 0 0 0 0 0 0 0 0 0 0 0 0 0 0 0 0
0 0 0 0 0 0 0 0 0 0 0 0 0 0 0 0 0 0 0 0 0 0 0 0 0 0 0 0 0 0 0 0 0 0 0 0
0 0 0 0 0 0 0 0 0 0 0 0 0 0 0 0 0 0 0 0 0 0 0 0 0 0 0 0 0 0 0 0 0 0 0 0
0 0 0 0 0 0 0 0 0 0 0 0 0 0 0 0 0 0 0 0 0
##$SHL_SFCOEFFS12= (0..200)
0 0 0 0 0 0 0 0 0 0 0 0 0 0 0 0 0 0 0 0 0 0 0 0 0 0 0 0 0 0 0 0 0 0 0 0
0 0 0 0 0 0 0 0 0 0 0 0 0 0 0 0 0 0 0 0 0 0 0 0 0 0 0 0 0 0 0 0 0 0 0 0
0 0 0 0 0 0 0 0 0 0 0 0 0 0 0 0 0 0 0 0 0 0 0 0 0 0 0 0 0 0 0 0 0 0 0 0
0 0 0 0 0 0 0 0 0 0 0 0 0 0 0 0 0 0 0 0 0 0 0 0 0 0 0 0 0 0 0 0 0 0 0 0
0 0 0 0 0 0 0 0 0 0 0 0 0 0 0 0 0 0 0 0 0 0 0 0 0 0 0 0 0 0 0 0 0 0 0 0
0 0 0 0 0 0 0 0 0 0 0 0 0 0 0 0 0 0 0 0 0
##$SHL_SFCOEFFS13= (0..200)
0 0 0 0 0 0 0 0 0 0 0 0 0 0 0 0 0 0 0 0 0 0 0 0 0 0 0 0 0 0 0 0 0 0 0 0
0 0 0 0 0 0 0 0 0 0 0 0 0 0 0 0 0 0 0 0 0 0 0 0 0 0 0 0 0 0 0 0 0 0 0 0
0 0 0 0 0 0 0 0 0 0 0 0 0 0 0 0 0 0 0 0 0 0 0 0 0 0 0 0 0 0 0 0 0 0 0 0
0 0 0 0 0 0 0 0 0 0 0 0 0 0 0 0 0 0 0 0 0 0 0 0 0 0 0 0 0 0 0 0 0 0 0 0
0 0 0 0 0 0 0 0 0 0 0 0 0 0 0 0 0 0 0 0 0 0 0 0 0 0 0 0 0 0 0 0 0 0 0 0
0 0 0 0 0 0 0 0 0 0 0 0 0 0 0 0 0 0 0 0 0
##$SHL_SFCOEFFS14= (0..200)
0 0 0 0 0 0 0 0 0 0 0 0 0 0 0 0 0 0 0 0 0 0 0 0 0 0 0 0 0 0 0 0 0 0 0 0
0 0 0 0 0 0 0 0 0 0 0 0 0 0 0 0 0 0 0 0 0 0 0 0 0 0 0 0 0 0 0 0 0 0 0 0
0 0 0 0 0 0 0 0 0 0 0 0 0 0 0 0 0 0 0 0 0 0 0 0 0 0 0 0 0 0 0 0 0 0 0 0
0 0 0 0 0 0 0 0 0 0 0 0 0 0 0 0 0 0 0 0 0 0 0 0 0 0 0 0 0 0 0 0 0 0 0 0
0 0 0 0 0 0 0 0 0 0 0 0 0 0 0 0 0 0 0 0 0 0 0 0 0 0 0 0 0 0 0 0 0 0 0 0
0 0 0 0 0 0 0 0 0 0 0 0 0 0 0 0 0 0 0 0 0
##$SHL_SFCOEFFS15= (0..200)
0 0 0 0 0 0 0 0 0 0 0 0 0 0 0 0 0 0 0 0 0 0 0 0 0 0 0 0 0 0 0 0 0 0 0 0
0 0 0 0 0 0 0 0 0 0 0 0 0 0 0 0 0 0 0 0 0 0 0 0 0 0 0 0 0 0 0 0 0 0 0 0
0 0 0 0 0 0 0 0 0 0 0 0 0 0 0 0 0 0 0 0 0 0 0 0 0 0 0 0 0 0 0 0 0 0 0 0
0 0 0 0 0 0 0 0 0 0 0 0 0 0 0 0 0 0 0 0 0 0 0 0 0 0 0 0 0 0 0 0 0 0 0 0
0 0 0 0 0 0 0 0 0 0 0 0 0 0 0 0 0 0 0 0 0 0 0 0 0 0 0 0 0 0 0 0 0 0 0 0
0 0 0 0 0 0 0 0 0 0 0 0 0 0 0 0 0 0 0 0 0
##$SHL_SFCOEFFS2= (0..200)
0 0 0 0 0 0 0 0 0 0 0 0 0 0 0 0 0 0 0 0 0 0 0 0 0 0 0 0 0 0 0 0 0 0 0 0
0 0 0 0 0 0 0 0 0 0 0 0 0 0 0 0 0 0 0 0 0 0 0 0 0 0 0 0 0 0 0 0 0 0 0 0
0 0 0 0 0 0 0 0 0 0 0 0 0 0 0 0 0 0 0 0 0 0 0 0 0 0 0 0 0 0 0 0 0 0 0 0
0 0 0 0 0 0 0 0 0 0 0 0 0 0 0 0 0 0 0 0 0 0 0 0 0 0 0 0 0 0 0 0 0 0 0 0
0 0 0 0 0 0 0 0 0 0 0 0 0 0 0 0 0 0 0 0 0 0 0 0 0 0 0 0 0 0 0 0 0 0 0 0
0 0 0 0 0 0 0 0 0 0 0 0 0 0 0 0 0 0 0 0 0
##$SHL_SFCOEFFS3= (0..200)
0 0 0 0 0 0 0 0 0 0 0 0 0 0 0 0 0 0 0 0 0 0 0 0 0 0 0 0 0 0 0 0 0 0 0 0
0 0 0 0 0 0 0 0 0 0 0 0 0 0 0 0 0 0 0 0 0 0 0 0 0 0 0 0 0 0 0 0 0 0 0 0
0 0 0 0 0 0 0 0 0 0 0 0 0 0 0 0 0 0 0 0 0 0 0 0 0 0 0 0 0 0 0 0 0 0 0 0
0 0 0 0 0 0 0 0 0 0 0 0 0 0 0 0 0 0 0 0 0 0 0 0 0 0 0 0 0 0 0 0 0 0 0 0
0 0 0 0 0 0 0 0 0 0 0 0 0 0 0 0 0 0 0 0 0 0 0 0 0 0 0 0 0 0 0 0 0 0 0 0
0 0 0 0 0 0 0 0 0 0 0 0 0 0 0 0 0 0 0 0 0
##$SHL_SFCOEFFS4= (0..200)
0 0 0 0 0 0 0 0 0 0 0 0 0 0 0 0 0 0 0 0 0 0 0 0 0 0 0 0 0 0 0 0 0 0 0 0
0 0 0 0 0 0 0 0 0 0 0 0 0 0 0 0 0 0 0 0 0 0 0 0 0 0 0 0 0 0 0 0 0 0 0 0
0 0 0 0 0 0 0 0 0 0 0 0 0 0 0 0 0 0 0 0 0 0 0 0 0 0 0 0 0 0 0 0 0 0 0 0
0 0 0 0 0 0 0 0 0 0 0 0 0 0 0 0 0 0 0 0 0 0 0 0 0 0 0 0 0 0 0 0 0 0 0 0
0 0 0 0 0 0 0 0 0 0 0 0 0 0 0 0 0 0 0 0 0 0 0 0 0 0 0 0 0 0 0 0 0 0 0 0
0 0 0 0 0 0 0 0 0 0 0 0 0 0 0 0 0 0 0 0 0
##$SHL_SFCOEFFS5= (0..200)
0 0 0 0 0 0 0 0 0 0 0 0 0 0 0 0 0 0 0 0 0 0 0 0 0 0 0 0 0 0 0 0 0 0 0 0
0 0 0 0 0 0 0 0 0 0 0 0 0 0 0 0 0 0 0 0 0 0 0 0 0 0 0 0 0 0 0 0 0 0 0 0
0 0 0 0 0 0 0 0 0 0 0 0 0 0 0 0 0 0 0 0 0 0 0 0 0 0 0 0 0 0 0 0 0 0 0 0
0 0 0 0 0 0 0 0 0 0 0 0 0 0 0 0 0 0 0 0 0 0 0 0 0 0 0 0 0 0 0 0 0 0 0 0
0 0 0 0 0 0 0 0 0 0 0 0 0 0 0 0 0 0 0 0 0 0 0 0 0 0 0 0 0 0 0 0 0 0 0 0
0 0 0 0 0 0 0 0 0 0 0 0 0 0 0 0 0 0 0 0 0
##$SHL_SFCOEFFS6= (0..200)
0 0 0 0 0 0 0 0 0 0 0 0 0 0 0 0 0 0 0 0 0 0 0 0 0 0 0 0 0 0 0 0 0 0 0 0
0 0 0 0 0 0 0 0 0 0 0 0 0 0 0 0 0 0 0 0 0 0 0 0 0 0 0 0 0 0 0 0 0 0 0 0
0 0 0 0 0 0 0 0 0 0 0 0 0 0 0 0 0 0 0 0 0 0 0 0 0 0 0 0 0 0 0 0 0 0 0 0
0 0 0 0 0 0 0 0 0 0 0 0 0 0 0 0 0 0 0 0 0 0 0 0 0 0 0 0 0 0 0 0 0 0 0 0
0 0 0 0 0 0 0 0 0 0 0 0 0 0 0 0 0 0 0 0 0 0 0 0 0 0 0 0 0 0 0 0 0 0 0 0
0 0 0 0 0 0 0 0 0 0 0 0 0 0 0 0 0 0 0 0 0
##$SHL_SFCOEFFS7= (0..200)
0 0 0 0 0 0 0 0 0 0 0 0 0 0 0 0 0 0 0 0 0 0 0 0 0 0 0 0 0 0 0 0 0 0 0 0
0 0 0 0 0 0 0 0 0 0 0 0 0 0 0 0 0 0 0 0 0 0 0 0 0 0 0 0 0 0 0 0 0 0 0 0
0 0 0 0 0 0 0 0 0 0 0 0 0 0 0 0 0 0 0 0 0 0 0 0 0 0 0 0 0 0 0 0 0 0 0 0
0 0 0 0 0 0 0 0 0 0 0 0 0 0 0 0 0 0 0 0 0 0 0 0 0 0 0 0 0 0 0 0 0 0 0 0
0 0 0 0 0 0 0 0 0 0 0 0 0 0 0 0 0 0 0 0 0 0 0 0 0 0 0 0 0 0 0 0 0 0 0 0
0 0 0 0 0 0 0 0 0 0 0 0 0 0 0 0 0 0 0 0 0
##$SHL_SFCOEFFS8= (0..200)
0 0 0 0 0 0 0 0 0 0 0 0 0 0 0 0 0 0 0 0 0 0 0 0 0 0 0 0 0 0 0 0 0 0 0 0
0 0 0 0 0 0 0 0 0 0 0 0 0 0 0 0 0 0 0 0 0 0 0 0 0 0 0 0 0 0 0 0 0 0 0 0
0 0 0 0 0 0 0 0 0 0 0 0 0 0 0 0 0 0 0 0 0 0 0 0 0 0 0 0 0 0 0 0 0 0 0 0
0 0 0 0 0 0 0 0 0 0 0 0 0 0 0 0 0 0 0 0 0 0 0 0 0 0 0 0 0 0 0 0 0 0 0 0
0 0 0 0 0 0 0 0 0 0 0 0 0 0 0 0 0 0 0 0 0 0 0 0 0 0 0 0 0 0 0 0 0 0 0 0
0 0 0 0 0 0 0 0 0 0 0 0 0 0 0 0 0 0 0 0 0
##$SHL_SFCOEFFS9= (0..200)
0 0 0 0 0 0 0 0 0 0 0 0 0 0 0 0 0 0 0 0 0 0 0 0 0 0 0 0 0 0 0 0 0 0 0 0
0 0 0 0 0 0 0 0 0 0 0 0 0 0 0 0 0 0 0 0 0 0 0 0 0 0 0 0 0 0 0 0 0 0 0 0
0 0 0 0 0 0 0 0 0 0 0 0 0 0 0 0 0 0 0 0 0 0 0 0 0 0 0 0 0 0 0 0 0 0 0 0
0 0 0 0 0 0 0 0 0 0 0 0 0 0 0 0 0 0 0 0 0 0 0 0 0 0 0 0 0 0 0 0 0 0 0 0
0 0 0 0 0 0 0 0 0 0 0 0 0 0 0 0 0 0 0 0 0 0 0 0 0 0 0 0 0 0 0 0 0 0 0 0
0 0 0 0 0 0 0 0 0 0 0 0 0 0 0 0 0 0 0 0 0
##$SHL_SMOOTHED= (0..15)
0 0 0 0 0 0 0 0 0 0 0 0 0 0 0 0
##$SHL_SMOOTHING= (0..15)
0 0 0 0 0 0 0 0 0 0 0 0 0 0 0 0
##$SHL_SPOAL= (0..15)
0 0 0 0 0 0 0 0 0 0 0 0 0 0 0 0
##$SHL_SPOFFS= (0..15)
0 0 0 0 0 0 0 0 0 0 0 0 0 0 0 0
##$SHL_SPOPH= (0..15)
0 0 0 0 0 0 0 0 0 0 0 0 0 0 0 0
##$SHL_STARTAMP= (0..15)
0 0 0 0 0 0 0 0 0 0 0 0 0 0 0 0
##$SHL_SW= (0..15)
0 0 0 0 0 0 0 0 0 0 0 0 0 0 0 0
##$SHL_SWDIR= (0..15)
-1 -1 -1 -1 -1 -1 -1 -1 -1 -1 -1 -1 -1 -1 -1 -1
##$SHL_TANKAPPA= (0..15)
0 0 0 0 0 0 0 0 0 0 0 0 0 0 0 0
##$SHL_TOTROT= (0..15)
90 0 0 0 0 0 0 0 0 0 0 0 0 0 0 0
##$SHL_TRUNCLEV= (0..15)
0 0 0 0 0 0 0 0 0 0 0 0 0 0 0 0
##$SHL_TYPE= (0..15)
<Excitation> <> <> <> <> <> <> <> <> <> <> <> <> <> <> <>
##$SHL_WINDOWSIZE= (0..15)
0 0 0 0 0 0 0 0 0 0 0 0 0 0 0 0
##$SHL_ZETA= (0..15)
0 0 0 0 0 0 0 0 0 0 0 0 0 0 0 0
##NPOINTS= 1000
##XYPOINTS= (XY..XY)
25.000000, 0.000000
26.947673, 0.000000
28.703611, 0.000000
30.294828, 0.000000
31.743489, 0.000000
33.067952, 0.000000
34.283555, 0.000000
35.403208, 0.000000
36.437860, 0.000000
37.396852, 0.000000
38.288206, 0.000000
39.118850, 0.000000
39.894796, 0.000000
40.621286, 0.000000
41.302916, 0.000000
41.943727, 0.000000
42.547291, 0.000000
43.116772, 0.000000
43.654989, 0.000000
44.164457, 0.000000
44.647427, 0.000000
45.105923, 0.000000
45.541767, 0.000000
45.956604, 0.000000
46.351925, 0.000000
46.729082, 0.000000
47.089305, 0.000000
47.433716, 0.000000
47.763339, 0.000000
48.079113, 0.000000
48.381898, 0.000000
48.672485, 0.000000
48.951601, 0.000000
49.219916, 0.000000
49.478051, 0.000000
49.726579, 0.000000
49.966031, 0.000000
50.196898, 0.000000
50.419640, 0.000000
50.634680, 0.000000
50.842416, 0.000000
51.043216, 0.000000
51.237427, 0.000000
51.425371, 0.000000
51.607349, 0.000000
51.783644, 0.000000
51.954522, 0.000000
52.120231, 0.000000
52.281006, 0.000000
52.437066, 0.000000
52.588619, 0.000000
52.735859, 0.000000
52.878971, 0.000000
53.018129, 0.000000
53.153496, 0.000000
53.285228, 0.000000
53.413471, 0.000000
53.538366, 0.000000
53.660042, 0.000000
53.778626, 0.000000
53.894236, 0.000000
54.006984, 0.000000
54.116978, 0.000000
54.224319, 0.000000
54.329103, 0.000000
54.431423, 0.000000
54.531367, 0.000000
54.629018, 0.000000
54.724456, 0.000000
54.817757, 0.000000
54.908994, 0.000000
54.998235, 0.000000
55.085548, 0.000000
55.170996, 0.000000
55.254640, 0.000000
55.336536, 0.000000
55.416742, 0.000000
55.495311, 0.000000
55.572292, 0.000000
55.647736, 0.000000
55.721690, 0.000000
55.794197, 0.000000
55.865303, 0.000000
55.935048, 0.000000
56.003471, 0.000000
56.070613, 0.000000
56.136509, 0.000000
56.201195, 0.000000
56.264705, 0.000000
56.327072, 0.000000
56.388328, 0.000000
56.448503, 0.000000
56.507627, 0.000000
56.565729, 0.000000
56.622834, 0.000000
56.678971, 0.000000
56.734164, 0.000000
56.788437, 0.000000
56.841816, 0.000000
56.894322, 0.000000
56.945978, 0.000000
56.996805, 0.000000
57.046824, 0.000000
57.096054, 0.000000
57.144516, 0.000000
57.192229, 0.000000
57.239209, 0.000000
57.285475, 0.000000
57.331043, 0.000000
57.375931, 0.000000
57.420154, 0.000000
57.463727, 0.000000
57.506666, 0.000000
57.548985, 0.000000
57.590698, 0.000000
57.631819, 0.000000
57.672361, 0.000000
57.712338, 0.000000
57.751760, 0.000000
57.790641, 0.000000
57.828993, 0.000000
57.866826, 0.000000
57.904153, 0.000000
57.940983, 0.000000
57.977327, 0.000000
58.013196, 0.000000
58.048599, 0.000000
58.083546, 0.000000
58.118046, 0.000000
58.152109, 0.000000
58.185744, 0.000000
58.218958, 0.000000
58.251761, 0.000000
58.284160, 0.000000
58.316165, 0.000000
58.347781, 0.000000
58.379018, 0.000000
58.409882, 0.000000
58.440380, 0.000000
58.470520, 0.000000
58.500308, 0.000000
58.529752, 0.000000
58.558856, 0.000000
58.587629, 0.000000
58.616076, 0.000000
58.644203, 0.000000
58.672015, 0.000000
58.699520, 0.000000
58.726721, 0.000000
58.753626, 0.000000
58.780238, 0.000000
58.806564, 0.000000
58.832608, 0.000000
58.858375, 0.000000
58.883871, 0.000000
58.909099, 0.000000
58.934065, 0.000000
58.958773, 0.000000
58.983227, 0.000000
59.007433, 0.000000
59.031393, 0.000000
59.055112, 0.000000
59.078595, 0.000000
59.101845, 0.000000
59.124866, 0.000000
59.147662, 0.000000
59.170236, 0.000000
59.192593, 0.000000
59.214735, 0.000000
59.236666, 0.000000
59.258390, 0.000000
59.279910, 0.000000
59.301229, 0.000000
59.322350, 0.000000
59.343276, 0.000000
59.364011, 0.000000
59.384558, 0.000000
59.404919, 0.000000
59.425097, 0.000000
59.445096, 0.000000
59.464917, 0.000000
59.484564, 0.000000
59.504039, 0.000000
59.523345, 0.000000
59.542484, 0.000000
59.561460, 0.000000
59.580273, 0.000000
59.598927, 0.000000
59.617424, 0.000000
59.635767, 0.000000
59.653957, 0.000000
59.671997, 0.000000
59.689889, 0.000000
59.707635, 0.000000
59.725238, 0.000000
59.742699, 0.000000
59.760020, 0.000000
59.777203, 0.000000
59.794251, 0.000000
59.811165, 0.000000
59.827947, 0.000000
59.844599, 0.000000
59.861123, 0.000000
59.877520, 0.000000
59.893793, 0.000000
59.909942, 0.000000
59.925970, 0.000000
59.941878, 0.000000
59.957669, 0.000000
59.973343, 0.000000
59.988901, 0.000000
60.004347, 0.000000
60.019681, 0.000000
60.034904, 0.000000
60.050018, 0.000000
60.065025, 0.000000
60.079926, 0.000000
60.094722, 0.000000
60.109415, 0.000000
60.124006, 0.000000
60.138497, 0.000000
60.152888, 0.000000
60.167181, 0.000000
60.181377, 0.000000
60.195478, 0.000000
60.209484, 0.000000
60.223397, 0.000000
60.237219, 0.000000
60.250949, 0.000000
60.264590, 0.000000
60.278143, 0.000000
60.291608, 0.000000
60.304986, 0.000000
60.318280, 0.000000
60.331489, 0.000000
60.344615, 0.000000
60.357659, 0.000000
60.370622, 0.000000
60.383505, 0.000000
60.396308, 0.000000
60.409033, 0.000000
60.421681, 0.000000
60.434253, 0.000000
60.446749, 0.000000
60.459171, 0.000000
60.471520, 0.000000
60.483795, 0.000000
60.495999, 0.000000
60.508131, 0.000000
60.520194, 0.000000
60.532187, 0.000000
60.544111, 0.000000
60.555968, 0.000000
60.567758, 0.000000
60.579482, 0.000000
60.591140, 0.000000
60.602734, 0.000000
60.614263, 0.000000
60.625730, 0.000000
60.637134, 0.000000
60.648477, 0.000000
60.659758, 0.000000
60.670980, 0.000000
60.682141, 0.000000
60.693244, 0.000000
60.704288, 0.000000
60.715275, 0.000000
60.726205, 0.000000
60.737079, 0.000000
60.747896, 0.000000
60.758659, 0.000000
60.769368, 0.000000
60.780022, 0.000000
60.790623, 0.000000
60.801172, 0.000000
60.811669, 0.000000
60.822114, 0.000000
60.832508, 0.000000
60.842852, 0.000000
60.853146, 0.000000
60.863390, 0.000000
60.873586, 0.000000
60.883734, 0.000000
60.893835, 0.000000
60.903888, 0.000000
60.913894, 0.000000
60.923854, 0.000000
60.933769, 0.000000
60.943639, 0.000000
60.953464, 0.000000
60.963245, 0.000000
60.972982, 0.000000
60.982676, 0.000000
60.992327, 0.000000
61.001936, 0.000000
61.011503, 0.000000
61.021029, 0.000000
61.030513, 0.000000
61.039958, 0.000000
61.049362, 0.000000
61.058726, 0.000000
61.068052, 0.000000
61.077338, 0.000000
61.086586, 0.000000
61.095796, 0.000000
61.104969, 0.000000
61.114104, 0.000000
61.123203, 0.000000
61.132265, 0.000000
61.141291, 0.000000
61.150282, 0.000000
61.159237, 0.000000
61.168157, 0.000000
61.177043, 0.000000
61.185895, 0.000000
61.194712, 0.000000
61.203497, 0.000000
61.212248, 0.000000
61.220966, 0.000000
61.229652, 0.000000
61.238306, 0.000000
61.246929, 0.000000
61.255519, 0.000000
61.264079, 0.000000
61.272608, 0.000000
61.281107, 0.000000
61.289575, 0.000000
61.298014, 0.000000
61.306423, 0.000000
61.314803, 0.000000
61.323154, 0.000000
61.331477, 0.000000
61.339771, 0.000000
61.348037, 0.000000
61.356276, 0.000000
61.364487, 0.000000
61.372671, 0.000000
61.380828, 0.000000
61.388959, 0.000000
61.397063, 0.000000
61.405142, 0.000000
61.413195, 0.000000
61.421222, 0.000000
61.429224, 0.000000
61.437201, 0.000000
61.445154, 0.000000
61.453082, 0.000000
61.460986, 0.000000
61.468866, 0.000000
61.476723, 0.000000
61.484556, 0.000000
61.492366, 0.000000
61.500153, 0.000000
61.507917, 0.000000
61.515659, 0.000000
61.523379, 0.000000
61.531077, 0.000000
61.538754, 0.000000
61.546409, 0.000000
61.554042, 0.000000
61.561655, 0.000000
61.569247, 0.000000
61.576818, 0.000000
61.584369, 0.000000
61.591900, 0.000000
61.599411, 0.000000
61.606902, 0.000000
61.614374, 0.000000
61.621826, 0.000000
61.629260, 0.000000
61.636675, 0.000000
61.644071, 0.000000
61.651448, 0.000000
61.658808, 0.000000
61.666149, 0.000000
61.673473, 0.000000
61.680779, 0.000000
61.688068, 0.000000
61.695339, 0.000000
61.702593, 0.000000
61.709831, 0.000000
61.717052, 0.000000
61.724256, 0.000000
61.731445, 0.000000
61.738617, 0.000000
61.745773, 0.000000
61.752914, 0.000000
61.760039, 0.000000
61.767148, 0.000000
61.774243, 0.000000
61.781323, 0.000000
61.788387, 0.000000
61.795438, 0.000000
61.802473, 0.000000
61.809495, 0.000000
61.816502, 0.000000
61.823495, 0.000000
61.830475, 0.000000
61.837441, 0.000000
61.844394, 0.000000
61.851333, 0.000000
61.858259, 0.000000
61.865173, 0.000000
61.872073, 0.000000
61.878961, 0.000000
61.885836, 0.000000
61.892700, 0.000000
61.899551, 0.000000
61.906390, 0.000000
61.913217, 0.000000
61.920033, 0.000000
61.926837, 0.000000
61.933630, 0.000000
61.940411, 0.000000
61.947182, 0.000000
61.953941, 0.000000
61.960690, 0.000000
61.967429, 0.000000
61.974157, 0.000000
61.980874, 0.000000
61.987582, 0.000000
61.994279, 0.000000
62.000967, 0.000000
62.007644, 0.000000
62.014313, 0.000000
62.020972, 0.000000
62.027621, 0.000000
62.034262, 0.000000
62.040893, 0.000000
62.047516, 0.000000
62.054129, 0.000000
62.060735, 0.000000
62.067332, 0.000000
62.073920, 0.000000
62.080500, 0.000000
62.087073, 0.000000
62.093637, 0.000000
62.100194, 0.000000
62.106743, 0.000000
62.113284, 0.000000
62.119819, 0.000000
62.126345, 0.000000
62.132865, 0.000000
62.139378, 0.000000
62.145884, 0.000000
62.152384, 0.000000
62.158876, 0.000000
62.165363, 0.000000
62.171843, 0.000000
62.178316, 0.000000
62.184784, 0.000000
62.191246, 0.000000
62.197702, 0.000000
62.204152, 0.000000
62.210597, 0.000000
62.217036, 0.000000
62.223470, 0.000000
62.229899, 0.000000
62.236323, 0.000000
62.242742, 0.000000
62.249156, 0.000000
62.255565, 0.000000
62.261970, 0.000000
62.268370, 0.000000
62.274766, 0.000000
62.281158, 0.000000
62.287546, 0.000000
62.293930, 0.000000
62.300310, 0.000000
62.306686, 0.000000
62.313059, 0.000000
62.319428, 0.000000
62.325794, 0.000000
62.332157, 0.000000
62.338516, 0.000000
62.344873, 0.000000
62.351226, 0.000000
62.357577, 0.000000
62.363926, 0.000000
62.370271, 0.000000
62.376615, 0.000000
62.382956, 0.000000
62.389295, 0.000000
62.395632, 0.000000
62.401967, 0.000000
62.408300, 0.000000
62.414631, 0.000000
62.420961, 0.000000
62.427290, 0.000000
62.433617, 0.000000
62.439943, 0.000000
62.446268, 0.000000
62.452591, 0.000000
62.458914, 0.000000
62.465236, 0.000000
62.471558, 0.000000
62.477879, 0.000000
62.484200, 0.000000
62.490520, 0.000000
62.496840, 0.000000
62.503160, 0.000000
62.509480, 0.000000
62.515800, 0.000000
62.522121, 0.000000
62.528442, 0.000000
62.534764, 0.000000
62.541086, 0.000000
62.547409, 0.000000
62.553732, 0.000000
62.560057, 0.000000
62.566383, 0.000000
62.572710, 0.000000
62.579039, 0.000000
62.585369, 0.000000
62.591700, 0.000000
62.598033, 0.000000
62.604368, 0.000000
62.610705, 0.000000
62.617044, 0.000000
62.623385, 0.000000
62.629729, 0.000000
62.636074, 0.000000
62.642423, 0.000000
62.648774, 0.000000
62.655127, 0.000000
62.661484, 0.000000
62.667843, 0.000000
62.674206, 0.000000
62.680572, 0.000000
62.686941, 0.000000
62.693314, 0.000000
62.699690, 0.000000
62.706070, 0.000000
62.712454, 0.000000
62.718842, 0.000000
62.725234, 0.000000
62.731630, 0.000000
62.738030, 0.000000
62.744435, 0.000000
62.750844, 0.000000
62.757258, 0.000000
62.763677, 0.000000
62.770101, 0.000000
62.776530, 0.000000
62.782964, 0.000000
62.789403, 0.000000
62.795848, 0.000000
62.802298, 0.000000
62.808754, 0.000000
62.815216, 0.000000
62.821684, 0.000000
62.828157, 0.000000
62.834637, 0.000000
62.841124, 0.000000
62.847616, 0.000000
62.854116, 0.000000
62.860622, 0.000000
62.867135, 0.000000
62.873655, 0.000000
62.880181, 0.000000
62.886716, 0.000000
62.893257, 0.000000
62.899806, 0.000000
62.906363, 0.000000
62.912927, 0.000000
62.919500, 0.000000
62.926080, 0.000000
62.932668, 0.000000
62.939265, 0.000000
62.945871, 0.000000
62.952484, 0.000000
62.959107, 0.000000
62.965738, 0.000000
62.972379, 0.000000
62.979028, 0.000000
62.985687, 0.000000
62.992356, 0.000000
62.999033, 0.000000
63.005721, 0.000000
63.012418, 0.000000
63.019126, 0.000000
63.025843, 0.000000
63.032571, 0.000000
63.039310, 0.000000
63.046059, 0.000000
63.052818, 0.000000
63.059589, 0.000000
63.066370, 0.000000
63.073163, 0.000000
63.079967, 0.000000
63.086783, 0.000000
63.093610, 0.000000
63.100449, 0.000000
63.107300, 0.000000
63.114164, 0.000000
63.121039, 0.000000
63.127927, 0.000000
63.134827, 0.000000
63.141741, 0.000000
63.148667, 0.000000
63.155606, 0.000000
63.162559, 0.000000
63.169525, 0.000000
63.176505, 0.000000
63.183498, 0.000000
63.190505, 0.000000
63.197527, 0.000000
63.204562, 0.000000
63.211613, 0.000000
63.218677, 0.000000
63.225757, 0.000000
63.232852, 0.000000
63.239961, 0.000000
63.247086, 0.000000
63.254227, 0.000000
63.261383, 0.000000
63.268555, 0.000000
63.275744, 0.000000
63.282948, 0.000000
63.290169, 0.000000
63.297407, 0.000000
63.304661, 0.000000
63.311932, 0.000000
63.319221, 0.000000
63.326527, 0.000000
63.333851, 0.000000
63.341192, 0.000000
63.348552, 0.000000
63.355929, 0.000000
63.363325, 0.000000
63.370740, 0.000000
63.378174, 0.000000
63.385626, 0.000000
63.393098, 0.000000
63.400589, 0.000000
63.408100, 0.000000
63.415631, 0.000000
63.423182, 0.000000
63.430753, 0.000000
63.438345, 0.000000
63.445958, 0.000000
63.453591, 0.000000
63.461246, 0.000000
63.468923, 0.000000
63.476621, 0.000000
63.484341, 0.000000
63.492083, 0.000000
63.499847, 0.000000
63.507634, 0.000000
63.515444, 0.000000
63.523277, 0.000000
63.531134, 0.000000
63.539014, 0.000000
63.546918, 0.000000
63.554846, 0.000000
63.562799, 0.000000
63.570776, 0.000000
63.578778, 0.000000
63.586805, 0.000000
63.594858, 0.000000
63.602937, 0.000000
63.611041, 0.000000
63.619172, 0.000000
63.627329, 0.000000
63.635513, 0.000000
63.643724, 0.000000
63.651963, 0.000000
63.660229, 0.000000
63.668523, 0.000000
63.676846, 0.000000
63.685197, 0.000000
63.693577, 0.000000
63.701986, 0.000000
63.710425, 0.000000
63.718893, 0.000000
63.727392, 0.000000
63.735921, 0.000000
63.744481, 0.000000
63.753071, 0.000000
63.761694, 0.000000
63.770348, 0.000000
63.779034, 0.000000
63.787752, 0.000000
63.796503, 0.000000
63.805288, 0.000000
63.814105, 0.000000
63.822957, 0.000000
63.831843, 0.000000
63.840763, 0.000000
63.849718, 0.000000
63.858709, 0.000000
63.867735, 0.000000
63.876797, 0.000000
63.885896, 0.000000
63.895031, 0.000000
63.904204, 0.000000
63.913414, 0.000000
63.922662, 0.000000
63.931948, 0.000000
63.941274, 0.000000
63.950638, 0.000000
63.960042, 0.000000
63.969487, 0.000000
63.978971, 0.000000
63.988497, 0.000000
63.998064, 0.000000
64.007673, 0.000000
64.017324, 0.000000
64.027018, 0.000000
64.036755, 0.000000
64.046536, 0.000000
64.056361, 0.000000
64.066231, 0.000000
64.076146, 0.000000
64.086106, 0.000000
64.096112, 0.000000
64.106165, 0.000000
64.116266, 0.000000
64.126414, 0.000000
64.136610, 0.000000
64.146854, 0.000000
64.157148, 0.000000
64.167492, 0.000000
64.177886, 0.000000
64.188331, 0.000000
64.198828, 0.000000
64.209377, 0.000000
64.219978, 0.000000
64.230632, 0.000000
64.241341, 0.000000
64.252104, 0.000000
64.262921, 0.000000
64.273795, 0.000000
64.284725, 0.000000
64.295712, 0.000000
64.306756, 0.000000
64.317859, 0.000000
64.329020, 0.000000
64.340242, 0.000000
64.351523, 0.000000
64.362866, 0.000000
64.374270, 0.000000
64.385737, 0.000000
64.397266, 0.000000
64.408860, 0.000000
64.420518, 0.000000
64.432242, 0.000000
64.444032, 0.000000
64.455889, 0.000000
64.467813, 0.000000
64.479806, 0.000000
64.491869, 0.000000
64.504001, 0.000000
64.516205, 0.000000
64.528480, 0.000000
64.540829, 0.000000
64.553251, 0.000000
64.565747, 0.000000
64.578319, 0.000000
64.590967, 0.000000
64.603692, 0.000000
64.616495, 0.000000
64.629378, 0.000000
64.642341, 0.000000
64.655385, 0.000000
64.668511, 0.000000
64.681720, 0.000000
64.695014, 0.000000
64.708392, 0.000000
64.721857, 0.000000
64.735410, 0.000000
64.749051, 0.000000
64.762781, 0.000000
64.776603, 0.000000
64.790516, 0.000000
64.804522, 0.000000
64.818623, 0.000000
64.832819, 0.000000
64.847112, 0.000000
64.861503, 0.000000
64.875994, 0.000000
64.890585, 0.000000
64.905278, 0.000000
64.920074, 0.000000
64.934975, 0.000000
64.949982, 0.000000
64.965096, 0.000000
64.980319, 0.000000
64.995653, 0.000000
65.011099, 0.000000
65.026657, 0.000000
65.042331, 0.000000
65.058122, 0.000000
65.074030, 0.000000
65.090058, 0.000000
65.106207, 0.000000
65.122480, 0.000000
65.138877, 0.000000
65.155401, 0.000000
65.172053, 0.000000
65.188835, 0.000000
65.205749, 0.000000
65.222797, 0.000000
65.239980, 0.000000
65.257301, 0.000000
65.274762, 0.000000
65.292365, 0.000000
65.310111, 0.000000
65.328003, 0.000000
65.346043, 0.000000
65.364233, 0.000000
65.382576, 0.000000
65.401073, 0.000000
65.419727, 0.000000
65.438540, 0.000000
65.457516, 0.000000
65.476655, 0.000000
65.495961, 0.000000
65.515436, 0.000000
65.535083, 0.000000
65.554904, 0.000000
65.574903, 0.000000
65.595081, 0.000000
65.615442, 0.000000
65.635989, 0.000000
65.656724, 0.000000
65.677650, 0.000000
65.698771, 0.000000
65.720090, 0.000000
65.741610, 0.000000
65.763334, 0.000000
65.785265, 0.000000
65.807407, 0.000000
65.829764, 0.000000
65.852338, 0.000000
65.875134, 0.000000
65.898155, 0.000000
65.921405, 0.000000
65.944888, 0.000000
65.968607, 0.000000
65.992567, 0.000000
66.016773, 0.000000
66.041227, 0.000000
66.065935, 0.000000
66.090901, 0.000000
66.116129, 0.000000
66.141625, 0.000000
66.167392, 0.000000
66.193436, 0.000000
66.219762, 0.000000
66.246374, 0.000000
66.273279, 0.000000
66.300480, 0.000000
66.327985, 0.000000
66.355797, 0.000000
66.383924, 0.000000
66.412371, 0.000000
66.441144, 0.000000
66.470248, 0.000000
66.499692, 0.000000
66.529480, 0.000000
66.559620, 0.000000
66.590118, 0.000000
66.620982, 0.000000
66.652219, 0.000000
66.683835, 0.000000
66.715840, 0.000000
66.748239, 0.000000
66.781042, 0.000000
66.814256, 0.000000
66.847891, 0.000000
66.881954, 0.000000
66.916454, 0.000000
66.951401, 0.000000
66.986804, 0.000000
67.022673, 0.000000
67.059017, 0.000000
67.095847, 0.000000
67.133174, 0.000000
67.171007, 0.000000
67.209359, 0.000000
67.248240, 0.000000
67.287662, 0.000000
67.327639, 0.000000
67.368181, 0.000000
67.409302, 0.000000
67.451015, 0.000000
67.493334, 0.000000
67.536273, 0.000000
67.579846, 0.000000
67.624069, 0.000000
67.668957, 0.000000
67.714525, 0.000000
67.760791, 0.000000
67.807771, 0.000000
67.855484, 0.000000
67.903946, 0.000000
67.953176, 0.000000
68.003195, 0.000000
68.054022, 0.000000
68.105678, 0.000000
68.158184, 0.000000
68.211563, 0.000000
68.265836, 0.000000
68.321029, 0.000000
68.377166, 0.000000
68.434271, 0.000000
68.492373, 0.000000
68.551497, 0.000000
68.611672, 0.000000
68.672928, 0.000000
68.735295, 0.000000
68.798805, 0.000000
68.863491, 0.000000
68.929387, 0.000000
68.996529, 0.000000
69.064952, 0.000000
69.134697, 0.000000
69.205803, 0.000000
69.278310, 0.000000
69.352264, 0.000000
69.427708, 0.000000
69.504689, 0.000000
69.583258, 0.000000
69.663464, 0.000000
69.745360, 0.000000
69.829004, 0.000000
69.914452, 0.000000
70.001765, 0.000000
70.091006, 0.000000
70.182243, 0.000000
70.275544, 0.000000
70.370982, 0.000000
70.468633, 0.000000
70.568577, 0.000000
70.670897, 0.000000
70.775681, 0.000000
70.883022, 0.000000
70.993016, 0.000000
71.105764, 0.000000
71.221374, 0.000000
71.339958, 0.000000
71.461634, 0.000000
71.586529, 0.000000
71.714772, 0.000000
71.846504, 0.000000
71.981871, 0.000000
72.121029, 0.000000
72.264141, 0.000000
72.411381, 0.000000
72.562934, 0.000000
72.718994, 0.000000
72.879769, 0.000000
73.045478, 0.000000
73.216356, 0.000000
73.392651, 0.000000
73.574629, 0.000000
73.762573, 0.000000
73.956784, 0.000000
74.157584, 0.000000
74.365320, 0.000000
74.580360, 0.000000
74.803102, 0.000000
75.033969, 0.000000
75.273421, 0.000000
75.521949, 0.000000
75.780084, 0.000000
76.048399, 0.000000
76.327515, 0.000000
76.618102, 0.000000
76.920887, 0.000000
77.236661, 0.000000
77.566284, 0.000000
77.910695, 0.000000
78.270918, 0.000000
78.648075, 0.000000
79.043396, 0.000000
79.458233, 0.000000
79.894077, 0.000000
80.352573, 0.000000
80.835543, 0.000000
81.345011, 0.000000
81.883228, 0.000000
82.452709, 0.000000
83.056273, 0.000000
83.697084, 0.000000
84.378714, 0.000000
85.105204, 0.000000
85.881150, 0.000000
86.711794, 0.000000
87.603148, 0.000000
88.562140, 0.000000
89.596792, 0.000000
90.716445, 0.000000
91.932048, 0.000000
93.256511, 0.000000
94.705172, 0.000000
96.296389, 0.000000
98.052327, 0.000000
100.000000, 0.000000
##END=
