##TITLE= dumbo
##JCAMP-DX= 5.00 Bruker JCAMP library
##DATA TYPE= Shape Data
##ORIGIN= Bruker BioSpin GmbH
##OWNER= <BRUKER>
##DATE= 07/10/02
##TIME= 17:49:59
##MINX= 1.000000e+02
##MAXX= 1.000000e+02
##MINY= 2.170197e+00
##MAXY= 3.537436e+02
##$SHAPE_EXMODE= None
##$SHAPE_TOTROT= 9.000000e+01
##$SHAPE_TYPE=
##$SHAPE_USER_DEF=
##$SHAPE_REPHFAC=
##$SHAPE_BWFAC= 0.000000e+00
##$SHAPE_BWFAC50=
##$SHAPE_INTEGFAC= 1.00000e+00
##$SHAPE_MODE= 0
##NPOINTS= 64
##XYPOINTS= (XY..XY)
1.000000e+02, 3.182400e+01
1.000000e+02, 1.119592e+02
1.000000e+02, 1.401878e+02
1.000000e+02, 1.182723e+02
1.000000e+02, 8.609679e+01
1.000000e+02, 7.345127e+01
1.000000e+02, 7.108267e+01
1.000000e+02, 5.371661e+01
1.000000e+02, 2.127600e+01
1.000000e+02, 2.170197e+00
1.000000e+02, 1.299243e+01
1.000000e+02, 2.837925e+01
1.000000e+02, 5.986118e+00
1.000000e+02, 3.020483e+02
1.000000e+02, 2.487630e+02
1.000000e+02, 2.645646e+02
1.000000e+02, 3.485520e+02
1.000000e+02, 7.437842e+01
1.000000e+02, 9.439171e+01
1.000000e+02, 4.514660e+01
1.000000e+02, 3.438152e+02
1.000000e+02, 3.233735e+02
1.000000e+02, 3.410725e+02
1.000000e+02, 3.537436e+02
1.000000e+02, 3.337560e+02
1.000000e+02, 2.968367e+02
1.000000e+02, 2.742841e+02
1.000000e+02, 2.717562e+02
1.000000e+02, 2.686939e+02
1.000000e+02, 2.557824e+02
1.000000e+02, 2.572258e+02
1.000000e+02, 3.044208e+02
1.000000e+02, 1.244208e+02
1.000000e+02, 7.722582e+01
1.000000e+02, 7.578237e+01
1.000000e+02, 8.869388e+01
1.000000e+02, 9.175624e+01
1.000000e+02, 9.428410e+01
1.000000e+02, 1.168367e+02
1.000000e+02, 1.537560e+02
1.000000e+02, 1.737436e+02
1.000000e+02, 1.610725e+02
1.000000e+02, 1.433735e+02
1.000000e+02, 1.638152e+02
1.000000e+02, 2.251466e+02
1.000000e+02, 2.743917e+02
1.000000e+02, 2.543784e+02
1.000000e+02, 1.685520e+02
1.000000e+02, 8.456461e+01
1.000000e+02, 6.876303e+01
1.000000e+02, 1.220483e+02
1.000000e+02, 1.859861e+02
1.000000e+02, 2.083792e+02
1.000000e+02, 1.929924e+02
1.000000e+02, 1.821702e+02
1.000000e+02, 2.012760e+02
1.000000e+02, 2.337166e+02
1.000000e+02, 2.510827e+02
1.000000e+02, 2.534513e+02
1.000000e+02, 2.660968e+02
1.000000e+02, 2.982723e+02
1.000000e+02, 3.201878e+02
1.000000e+02, 2.919592e+02
1.000000e+02, 2.118240e+02
##END= 
