##TITLE= dumbo_1+0
##JCAMP-DX= 5.00 Bruker JCAMP library
##DATA TYPE= Shape Data
##ORIGIN= Bruker BioSpin GmbH
##OWNER= <BRUKER>
##DATE= 08/07/01
##TIME= 16:35:39
##$SHAPE_PARAMETERS=
##MINX= 1.000000e+002
##MAXX= 1.000000e+002
##MINY= 2.342036e+000
##MAXY= 3.536038e+002
##$SHAPE_EXMODE= None
##$SHAPE_TOTROT= 0.000000e+000
##$SHAPE_TYPE=
##$SHAPE_USER_DEF=
##$SHAPE_REPHFAC=
##$SHAPE_BWFAC= 0.000000e+000
##$SHAPE_BWFAC50=
##$SHAPE_INTEGFAC= 2.851583e-017
##$SHAPE_MODE= 0
##NPOINTS= 50
##XYPOINTS= (XY..XY)
1.000000e+002, 3.182400e+001
1.000000e+002, 1.260488e+002
1.000000e+002, 1.319091e+002
1.000000e+002, 9.026293e+001
1.000000e+002, 7.315527e+001
1.000000e+002, 6.680808e+001
1.000000e+002, 3.180005e+001
1.000000e+002, 2.342036e+000
1.000000e+002, 1.799468e+001
1.000000e+002, 2.313965e+001
1.000000e+002, 3.162198e+002
1.000000e+002, 2.469937e+002
1.000000e+002, 2.894362e+002
1.000000e+002, 4.845142e+001
1.000000e+002, 9.579900e+001
1.000000e+002, 3.161019e+001
1.000000e+002, 3.275921e+002
1.000000e+002, 3.354884e+002
1.000000e+002, 3.536038e+002
1.000000e+002, 3.221353e+002
1.000000e+002, 2.803779e+002
1.000000e+002, 2.716164e+002
1.000000e+002, 2.670452e+002
1.000000e+002, 2.523989e+002
1.000000e+002, 2.859472e+002
1.000000e+002, 1.059472e+002
1.000000e+002, 7.239890e+001
1.000000e+002, 8.704516e+001
1.000000e+002, 9.161636e+001
1.000000e+002, 1.003779e+002
1.000000e+002, 1.421353e+002
1.000000e+002, 1.736038e+002
1.000000e+002, 1.554884e+002
1.000000e+002, 1.475921e+002
1.000000e+002, 2.116102e+002
1.000000e+002, 2.757990e+002
1.000000e+002, 2.284514e+002
1.000000e+002, 1.094362e+002
1.000000e+002, 6.699372e+001
1.000000e+002, 1.362198e+002
1.000000e+002, 2.031396e+002
1.000000e+002, 1.979947e+002
1.000000e+002, 1.823420e+002
1.000000e+002, 2.118001e+002
1.000000e+002, 2.468081e+002
1.000000e+002, 2.531553e+002
1.000000e+002, 2.702629e+002
1.000000e+002, 3.119091e+002
1.000000e+002, 3.060488e+002
1.000000e+002, 2.118240e+002
##END= 
