##TITLE= edumbo22_1+0
##JCAMP-DX= 5.00 Bruker JCAMP library
##DATA TYPE= Shape Data
##ORIGIN= Bruker BioSpin GmbH
##OWNER= <BRUKER>
##DATE= 08/11/26
##TIME= 13:02:33
##$SHAPE_PARAMETERS=
##MINX= 1.000000e+002
##MAXX= 1.000000e+002
##MINY= 0.000000e+000
##MAXY= 3.600000e+002
##$SHAPE_EXMODE= None
##$SHAPE_TOTROT= 0.000000e+000
##$SHAPE_TYPE=
##$SHAPE_USER_DEF=
##$SHAPE_REPHFAC=
##$SHAPE_BWFAC= 0.000000e+000
##$SHAPE_BWFAC50=
##$SHAPE_INTEGFAC= 2.261089e-017
##$SHAPE_MODE= 0
##NPOINTS= 48
##XYPOINTS= (XY..XY)
1.000000e+002, 0.000000e+000
1.000000e+002, 1.239559e+002
1.000000e+002, 1.654876e+002
1.000000e+002, 1.350506e+002
1.000000e+002, 9.321897e+001
1.000000e+002, 6.713301e+001
1.000000e+002, 5.436000e+001
1.000000e+002, 5.407791e+001
1.000000e+002, 4.645360e+001
1.000000e+002, 3.568106e+002
1.000000e+002, 2.866724e+002
1.000000e+002, 2.788510e+002
1.000000e+002, 3.600000e+002
1.000000e+002, 8.114899e+001
1.000000e+002, 7.332758e+001
1.000000e+002, 3.189364e+000
1.000000e+002, 3.135464e+002
1.000000e+002, 3.059221e+002
1.000000e+002, 3.056400e+002
1.000000e+002, 2.928670e+002
1.000000e+002, 2.667810e+002
1.000000e+002, 2.249494e+002
1.000000e+002, 1.945124e+002
1.000000e+002, 2.360441e+002
1.000000e+002, 5.604409e+001
1.000000e+002, 1.451242e+001
1.000000e+002, 4.494936e+001
1.000000e+002, 8.678103e+001
1.000000e+002, 1.128670e+002
1.000000e+002, 1.256400e+002
1.000000e+002, 1.259221e+002
1.000000e+002, 1.335464e+002
1.000000e+002, 1.831894e+002
1.000000e+002, 2.533276e+002
1.000000e+002, 2.611490e+002
1.000000e+002, 1.800000e+002
1.000000e+002, 9.885101e+001
1.000000e+002, 1.066724e+002
1.000000e+002, 1.768106e+002
1.000000e+002, 2.264536e+002
1.000000e+002, 2.340779e+002
1.000000e+002, 2.343600e+002
1.000000e+002, 2.471330e+002
1.000000e+002, 2.732190e+002
1.000000e+002, 3.150506e+002
1.000000e+002, 3.454876e+002
1.000000e+002, 3.039559e+002
1.000000e+002, 1.800000e+002
##END= 
