##TITLE= /u/exp/stan/nmr/lists/wave/pmlg-2
##JCAMP-DX= 5.00 Bruker JCAMP library
##DATA TYPE= Shape Data
##ORIGIN= Bruker Analytik GmbH
##OWNER= <BRUKER>
##DATE= 98/12/22
##TIME= 10:23:35
##MINX= 1.000000e+02
##MAXX= 1.000000e+02
##MINY= 0.000000e+00
##MAXY= 3.550000e+02
##$SHAPE_EXMODE= Excitation
##$SHAPE_TOTROT= 9.000000e+01
##$SHAPE_BWFAC= 1.116000e+00
##$SHAPE_INTEGFAC= 7.559408e-17
##$SHAPE_MODE= 1
##NPOINTS= 72
##XYPOINTS= (XY..XY)
1.000000e+02, 11.25
1.000000e+02, 33.75
1.000000e+02, 56.25
1.000000e+02, 78.75
1.000000e+02, 101.25
1.000000e+02, 123.75
1.000000e+02, 146.25
1.000000e+02, 168.75
1.000000e+02, 191.25
1.000000e+02, 11.25
1.000000e+02, 348.75
1.000000e+02, 326.25
1.000000e+02, 303.75
1.000000e+02, 281.25
1.000000e+02, 258.75
1.000000e+02, 236.25
1.000000e+02, 213.75
1.000000e+02, 191.25
1.000000e+02, 168.75
1.000000e+02, 146.25
1.000000e+02, 123.75
1.000000e+02, 101.25
1.000000e+02, 78.75
1.000000e+02, 56.25
1.000000e+02, 33.75
1.000000e+02, 11.25
1.000000e+02, 348.75
1.000000e+02, 168.75
1.000000e+02, 191.25
1.000000e+02, 213.75
1.000000e+02, 236.25
1.000000e+02, 258.75
1.000000e+02, 281.25
1.000000e+02, 303.75
1.000000e+02, 326.25
1.000000e+02, 348.75
1.000000e+02, 11.25
1.000000e+02, 33.75
1.000000e+02, 56.25
1.000000e+02, 78.75
1.000000e+02, 101.25
1.000000e+02, 123.75
1.000000e+02, 146.25
1.000000e+02, 168.75
1.000000e+02, 191.25
1.000000e+02, 11.25
1.000000e+02, 348.75
1.000000e+02, 326.25
1.000000e+02, 303.75
1.000000e+02, 281.25
1.000000e+02, 258.75
1.000000e+02, 236.25
1.000000e+02, 213.75
1.000000e+02, 191.25
1.000000e+02, 168.75
1.000000e+02, 146.25
1.000000e+02, 123.75
1.000000e+02, 101.25
1.000000e+02, 78.75
1.000000e+02, 56.25
1.000000e+02, 33.75
1.000000e+02, 11.25
1.000000e+02, 348.75
1.000000e+02, 168.75
1.000000e+02, 191.25
1.000000e+02, 213.75
1.000000e+02, 236.25
1.000000e+02, 258.75
1.000000e+02, 281.25
1.000000e+02, 303.75
1.000000e+02, 326.25
1.000000e+02, 348.75
##END= 
