##TITLE= Q3
##JCAMP-DX= 5.00 Bruker JCAMP library
##DATA TYPE= Shape Data
##ORIGIN= Bruker BioSpin GmbH
##OWNER= <AV600WB>
##DATE= 2014/12/15
##TIME= 11:36:43
##$SHAPE_PARAMETERS= Type: GaussCascadeQ3
##MINX= 3.116348E-02
##MAXX= 1.000040E02
##MINY= 0.000000E00
##MAXY= 1.800000E02
##$SHAPE_EXMODE= Universal180
##$SHAPE_TOTROT= 1.800000E02
##$SHAPE_TYPE= Refocussing
##$SHAPE_USER_DEF= 
##$SHAPE_REPHFAC= 
##$SHAPE_BWFAC= 3.448000E00
##$SHAPE_BWFAC50= 
##$SHAPE_INTEGFAC= 1.515037E-01
##$SHAPE_MODE= 0
##NPOINTS= 2000
##XYPOINTS= (XY..XY)
3.116348E-02, 1.800000E02
3.198961E-02, 1.800000E02
3.283623E-02, 1.800000E02
3.370382E-02, 1.800000E02
3.459285E-02, 1.800000E02
3.550381E-02, 1.800000E02
3.643720E-02, 1.800000E02
3.739353E-02, 1.800000E02
3.837331E-02, 1.800000E02
3.937709E-02, 1.800000E02
4.040539E-02, 1.800000E02
4.145877E-02, 1.800000E02
4.253780E-02, 1.800000E02
4.364304E-02, 1.800000E02
4.477508E-02, 1.800000E02
4.593452E-02, 1.800000E02
4.712196E-02, 1.800000E02
4.833804E-02, 1.800000E02
4.958337E-02, 1.800000E02
5.085862E-02, 1.800000E02
5.216443E-02, 1.800000E02
5.350147E-02, 1.800000E02
5.487044E-02, 1.800000E02
5.627203E-02, 1.800000E02
5.770696E-02, 1.800000E02
5.917594E-02, 1.800000E02
6.067972E-02, 1.800000E02
6.221905E-02, 1.800000E02
6.379470E-02, 1.800000E02
6.540746E-02, 1.800000E02
6.705812E-02, 1.800000E02
6.874749E-02, 1.800000E02
7.047640E-02, 1.800000E02
7.224571E-02, 1.800000E02
7.405627E-02, 1.800000E02
7.590895E-02, 1.800000E02
7.780465E-02, 1.800000E02
7.974428E-02, 1.800000E02
8.172877E-02, 1.800000E02
8.375906E-02, 1.800000E02
8.583611E-02, 1.800000E02
8.796091E-02, 1.800000E02
9.013445E-02, 1.800000E02
9.235774E-02, 1.800000E02
9.463183E-02, 1.800000E02
9.695776E-02, 1.800000E02
9.933661E-02, 1.800000E02
1.017695E-01, 1.800000E02
1.042574E-01, 1.800000E02
1.068017E-01, 1.800000E02
1.094033E-01, 1.800000E02
1.120635E-01, 1.800000E02
1.147835E-01, 1.800000E02
1.175645E-01, 1.800000E02
1.204077E-01, 1.800000E02
1.233144E-01, 1.800000E02
1.262859E-01, 1.800000E02
1.293234E-01, 1.800000E02
1.324284E-01, 1.800000E02
1.356020E-01, 1.800000E02
1.388458E-01, 1.800000E02
1.421611E-01, 1.800000E02
1.455493E-01, 1.800000E02
1.490120E-01, 1.800000E02
1.525504E-01, 1.800000E02
1.561662E-01, 1.800000E02
1.598609E-01, 1.800000E02
1.636360E-01, 1.800000E02
1.674930E-01, 1.800000E02
1.714337E-01, 1.800000E02
1.754595E-01, 1.800000E02
1.795722E-01, 1.800000E02
1.837734E-01, 1.800000E02
1.880649E-01, 1.800000E02
1.924483E-01, 1.800000E02
1.969255E-01, 1.800000E02
2.014983E-01, 1.800000E02
2.061684E-01, 1.800000E02
2.109377E-01, 1.800000E02
2.158081E-01, 1.800000E02
2.207815E-01, 1.800000E02
2.258599E-01, 1.800000E02
2.310452E-01, 1.800000E02
2.363394E-01, 1.800000E02
2.417446E-01, 1.800000E02
2.472628E-01, 1.800000E02
2.528962E-01, 1.800000E02
2.586468E-01, 1.800000E02
2.645169E-01, 1.800000E02
2.705087E-01, 1.800000E02
2.766243E-01, 1.800000E02
2.828661E-01, 1.800000E02
2.892364E-01, 1.800000E02
2.957374E-01, 1.800000E02
3.023717E-01, 1.800000E02
3.091415E-01, 1.800000E02
3.160494E-01, 1.800000E02
3.230978E-01, 1.800000E02
3.302893E-01, 1.800000E02
3.376264E-01, 1.800000E02
3.451118E-01, 1.800000E02
3.527479E-01, 1.800000E02
3.605377E-01, 1.800000E02
3.684837E-01, 1.800000E02
3.765886E-01, 1.800000E02
3.848554E-01, 1.800000E02
3.932869E-01, 1.800000E02
4.018858E-01, 1.800000E02
4.106552E-01, 1.800000E02
4.195980E-01, 1.800000E02
4.287172E-01, 1.800000E02
4.380159E-01, 1.800000E02
4.474971E-01, 1.800000E02
4.571639E-01, 1.800000E02
4.670196E-01, 1.800000E02
4.770674E-01, 1.800000E02
4.873105E-01, 1.800000E02
4.977522E-01, 1.800000E02
5.083958E-01, 1.800000E02
5.192449E-01, 1.800000E02
5.303028E-01, 1.800000E02
5.415730E-01, 1.800000E02
5.530591E-01, 1.800000E02
5.647646E-01, 1.800000E02
5.766932E-01, 1.800000E02
5.888485E-01, 1.800000E02
6.012343E-01, 1.800000E02
6.138544E-01, 1.800000E02
6.267126E-01, 1.800000E02
6.398127E-01, 1.800000E02
6.531587E-01, 1.800000E02
6.667545E-01, 1.800000E02
6.806043E-01, 1.800000E02
6.947120E-01, 1.800000E02
7.090817E-01, 1.800000E02
7.237178E-01, 1.800000E02
7.386243E-01, 1.800000E02
7.538056E-01, 1.800000E02
7.692661E-01, 1.800000E02
7.850100E-01, 1.800000E02
8.010419E-01, 1.800000E02
8.173662E-01, 1.800000E02
8.339875E-01, 1.800000E02
8.509104E-01, 1.800000E02
8.681396E-01, 1.800000E02
8.856797E-01, 1.800000E02
9.035355E-01, 1.800000E02
9.217118E-01, 1.800000E02
9.402136E-01, 1.800000E02
9.590458E-01, 1.800000E02
9.782133E-01, 1.800000E02
9.977211E-01, 1.800000E02
1.017575E00, 1.800000E02
1.037779E00, 1.800000E02
1.058338E00, 1.800000E02
1.079259E00, 1.800000E02
1.100547E00, 1.800000E02
1.122206E00, 1.800000E02
1.144243E00, 1.800000E02
1.166663E00, 1.800000E02
1.189470E00, 1.800000E02
1.212672E00, 1.800000E02
1.236274E00, 1.800000E02
1.260281E00, 1.800000E02
1.284699E00, 1.800000E02
1.309534E00, 1.800000E02
1.334792E00, 1.800000E02
1.360480E00, 1.800000E02
1.386602E00, 1.800000E02
1.413165E00, 1.800000E02
1.440176E00, 1.800000E02
1.467640E00, 1.800000E02
1.495564E00, 1.800000E02
1.523953E00, 1.800000E02
1.552816E00, 1.800000E02
1.582157E00, 1.800000E02
1.611984E00, 1.800000E02
1.642302E00, 1.800000E02
1.673120E00, 1.800000E02
1.704443E00, 1.800000E02
1.736277E00, 1.800000E02
1.768631E00, 1.800000E02
1.801511E00, 1.800000E02
1.834923E00, 1.800000E02
1.868875E00, 1.800000E02
1.903374E00, 1.800000E02
1.938426E00, 1.800000E02
1.974040E00, 1.800000E02
2.010222E00, 1.800000E02
2.046980E00, 1.800000E02
2.084320E00, 1.800000E02
2.122251E00, 1.800000E02
2.160780E00, 1.800000E02
2.199914E00, 1.800000E02
2.239661E00, 1.800000E02
2.280029E00, 1.800000E02
2.321025E00, 1.800000E02
2.362656E00, 1.800000E02
2.404932E00, 1.800000E02
2.447860E00, 1.800000E02
2.491447E00, 1.800000E02
2.535701E00, 1.800000E02
2.580632E00, 1.800000E02
2.626246E00, 1.800000E02
2.672552E00, 1.800000E02
2.719558E00, 1.800000E02
2.767272E00, 1.800000E02
2.815704E00, 1.800000E02
2.864860E00, 1.800000E02
2.914749E00, 1.800000E02
2.965381E00, 1.800000E02
3.016763E00, 1.800000E02
3.068904E00, 1.800000E02
3.121812E00, 1.800000E02
3.175497E00, 1.800000E02
3.229967E00, 1.800000E02
3.285230E00, 1.800000E02
3.341296E00, 1.800000E02
3.398174E00, 1.800000E02
3.455872E00, 1.800000E02
3.514399E00, 1.800000E02
3.573764E00, 1.800000E02
3.633977E00, 1.800000E02
3.695046E00, 1.800000E02
3.756981E00, 1.800000E02
3.819790E00, 1.800000E02
3.883483E00, 1.800000E02
3.948070E00, 1.800000E02
4.013558E00, 1.800000E02
4.079959E00, 1.800000E02
4.147280E00, 1.800000E02
4.215532E00, 1.800000E02
4.284724E00, 1.800000E02
4.354865E00, 1.800000E02
4.425965E00, 1.800000E02
4.498033E00, 1.800000E02
4.571080E00, 1.800000E02
4.645113E00, 1.800000E02
4.720144E00, 1.800000E02
4.796182E00, 1.800000E02
4.873236E00, 1.800000E02
4.951315E00, 1.800000E02
5.030431E00, 1.800000E02
5.110592E00, 1.800000E02
5.191809E00, 1.800000E02
5.274090E00, 1.800000E02
5.357446E00, 1.800000E02
5.441887E00, 1.800000E02
5.527422E00, 1.800000E02
5.614061E00, 1.800000E02
5.701815E00, 1.800000E02
5.790692E00, 1.800000E02
5.880703E00, 1.800000E02
5.971858E00, 1.800000E02
6.064166E00, 1.800000E02
6.157637E00, 1.800000E02
6.252282E00, 1.800000E02
6.348109E00, 1.800000E02
6.445130E00, 1.800000E02
6.543353E00, 1.800000E02
6.642789E00, 1.800000E02
6.743448E00, 1.800000E02
6.845339E00, 1.800000E02
6.948472E00, 1.800000E02
7.052857E00, 1.800000E02
7.158504E00, 1.800000E02
7.265423E00, 1.800000E02
7.373623E00, 1.800000E02
7.483114E00, 1.800000E02
7.593906E00, 1.800000E02
7.706009E00, 1.800000E02
7.819431E00, 1.800000E02
7.934184E00, 1.800000E02
8.050277E00, 1.800000E02
8.167718E00, 1.800000E02
8.286518E00, 1.800000E02
8.406687E00, 1.800000E02
8.528233E00, 1.800000E02
8.651166E00, 1.800000E02
8.775496E00, 1.800000E02
8.901231E00, 1.800000E02
9.028382E00, 1.800000E02
9.156958E00, 1.800000E02
9.286967E00, 1.800000E02
9.418418E00, 1.800000E02
9.551322E00, 1.800000E02
9.685687E00, 1.800000E02
9.821521E00, 1.800000E02
9.958834E00, 1.800000E02
1.009764E01, 1.800000E02
1.023793E01, 1.800000E02
1.037974E01, 1.800000E02
1.052305E01, 1.800000E02
1.066789E01, 1.800000E02
1.081426E01, 1.800000E02
1.096217E01, 1.800000E02
1.111162E01, 1.800000E02
1.126263E01, 1.800000E02
1.141521E01, 1.800000E02
1.156936E01, 1.800000E02
1.172508E01, 1.800000E02
1.188240E01, 1.800000E02
1.204131E01, 1.800000E02
1.220182E01, 1.800000E02
1.236394E01, 1.800000E02
1.252769E01, 1.800000E02
1.269305E01, 1.800000E02
1.286005E01, 1.800000E02
1.302869E01, 1.800000E02
1.319898E01, 1.800000E02
1.337091E01, 1.800000E02
1.354451E01, 1.800000E02
1.371978E01, 1.800000E02
1.389672E01, 1.800000E02
1.407533E01, 1.800000E02
1.425564E01, 1.800000E02
1.443763E01, 1.800000E02
1.462133E01, 1.800000E02
1.480672E01, 1.800000E02
1.499383E01, 1.800000E02
1.518265E01, 1.800000E02
1.537319E01, 1.800000E02
1.556546E01, 1.800000E02
1.575945E01, 1.800000E02
1.595518E01, 1.800000E02
1.615265E01, 1.800000E02
1.635187E01, 1.800000E02
1.655283E01, 1.800000E02
1.675555E01, 1.800000E02
1.696002E01, 1.800000E02
1.716625E01, 1.800000E02
1.737425E01, 1.800000E02
1.758401E01, 1.800000E02
1.779555E01, 1.800000E02
1.800885E01, 1.800000E02
1.822394E01, 1.800000E02
1.844081E01, 1.800000E02
1.865945E01, 1.800000E02
1.887988E01, 1.800000E02
1.910210E01, 1.800000E02
1.932611E01, 1.800000E02
1.955191E01, 1.800000E02
1.977949E01, 1.800000E02
2.000887E01, 1.800000E02
2.024005E01, 1.800000E02
2.047302E01, 1.800000E02
2.070778E01, 1.800000E02
2.094434E01, 1.800000E02
2.118269E01, 1.800000E02
2.142284E01, 1.800000E02
2.166479E01, 1.800000E02
2.190853E01, 1.800000E02
2.215406E01, 1.800000E02
2.240139E01, 1.800000E02
2.265051E01, 1.800000E02
2.290142E01, 1.800000E02
2.315411E01, 1.800000E02
2.340860E01, 1.800000E02
2.366486E01, 1.800000E02
2.392291E01, 1.800000E02
2.418274E01, 1.800000E02
2.444434E01, 1.800000E02
2.470771E01, 1.800000E02
2.497285E01, 1.800000E02
2.523976E01, 1.800000E02
2.550843E01, 1.800000E02
2.577885E01, 1.800000E02
2.605103E01, 1.800000E02
2.632495E01, 1.800000E02
2.660061E01, 1.800000E02
2.687801E01, 1.800000E02
2.715714E01, 1.800000E02
2.743799E01, 1.800000E02
2.772056E01, 1.800000E02
2.800484E01, 1.800000E02
2.829083E01, 1.800000E02
2.857851E01, 1.800000E02
2.886788E01, 1.800000E02
2.915893E01, 1.800000E02
2.945165E01, 1.800000E02
2.974604E01, 1.800000E02
3.004209E01, 1.800000E02
3.033978E01, 1.800000E02
3.063912E01, 1.800000E02
3.094007E01, 1.800000E02
3.124265E01, 1.800000E02
3.154684E01, 1.800000E02
3.185262E01, 1.800000E02
3.215999E01, 1.800000E02
3.246893E01, 1.800000E02
3.277944E01, 1.800000E02
3.309150E01, 1.800000E02
3.340510E01, 1.800000E02
3.372023E01, 1.800000E02
3.403687E01, 1.800000E02
3.435502E01, 1.800000E02
3.467465E01, 1.800000E02
3.499576E01, 1.800000E02
3.531832E01, 1.800000E02
3.564234E01, 1.800000E02
3.596778E01, 1.800000E02
3.629465E01, 1.800000E02
3.662291E01, 1.800000E02
3.695256E01, 1.800000E02
3.728358E01, 1.800000E02
3.761595E01, 1.800000E02
3.794966E01, 1.800000E02
3.828469E01, 1.800000E02
3.862103E01, 1.800000E02
3.895864E01, 1.800000E02
3.929753E01, 1.800000E02
3.963766E01, 1.800000E02
3.997903E01, 1.800000E02
4.032161E01, 1.800000E02
4.066538E01, 1.800000E02
4.101032E01, 1.800000E02
4.135642E01, 1.800000E02
4.170365E01, 1.800000E02
4.205199E01, 1.800000E02
4.240142E01, 1.800000E02
4.275193E01, 1.800000E02
4.310348E01, 1.800000E02
4.345607E01, 1.800000E02
4.380966E01, 1.800000E02
4.416423E01, 1.800000E02
4.451976E01, 1.800000E02
4.487623E01, 1.800000E02
4.523362E01, 1.800000E02
4.559190E01, 1.800000E02
4.595104E01, 1.800000E02
4.631103E01, 1.800000E02
4.667184E01, 1.800000E02
4.703344E01, 1.800000E02
4.739581E01, 1.800000E02
4.775892E01, 1.800000E02
4.812275E01, 1.800000E02
4.848727E01, 1.800000E02
4.885246E01, 1.800000E02
4.921828E01, 1.800000E02
4.958472E01, 1.800000E02
4.995174E01, 1.800000E02
5.031933E01, 1.800000E02
5.068744E01, 1.800000E02
5.105605E01, 1.800000E02
5.142514E01, 1.800000E02
5.179467E01, 1.800000E02
5.216462E01, 1.800000E02
5.253495E01, 1.800000E02
5.290565E01, 1.800000E02
5.327667E01, 1.800000E02
5.364799E01, 1.800000E02
5.401958E01, 1.800000E02
5.439141E01, 1.800000E02
5.476344E01, 1.800000E02
5.513566E01, 1.800000E02
5.550802E01, 1.800000E02
5.588049E01, 1.800000E02
5.625305E01, 1.800000E02
5.662566E01, 1.800000E02
5.699829E01, 1.800000E02
5.737090E01, 1.800000E02
5.774347E01, 1.800000E02
5.811596E01, 1.800000E02
5.848835E01, 1.800000E02
5.886059E01, 1.800000E02
5.923265E01, 1.800000E02
5.960450E01, 1.800000E02
5.997611E01, 1.800000E02
6.034744E01, 1.800000E02
6.071846E01, 1.800000E02
6.108913E01, 1.800000E02
6.145942E01, 1.800000E02
6.182930E01, 1.800000E02
6.219873E01, 1.800000E02
6.256767E01, 1.800000E02
6.293610E01, 1.800000E02
6.330397E01, 1.800000E02
6.367125E01, 1.800000E02
6.403791E01, 1.800000E02
6.440390E01, 1.800000E02
6.476920E01, 1.800000E02
6.513377E01, 1.800000E02
6.549757E01, 1.800000E02
6.586056E01, 1.800000E02
6.622272E01, 1.800000E02
6.658400E01, 1.800000E02
6.694436E01, 1.800000E02
6.730378E01, 1.800000E02
6.766221E01, 1.800000E02
6.801961E01, 1.800000E02
6.837596E01, 1.800000E02
6.873121E01, 1.800000E02
6.908533E01, 1.800000E02
6.943828E01, 1.800000E02
6.979002E01, 1.800000E02
7.014052E01, 1.800000E02
7.048974E01, 1.800000E02
7.083764E01, 1.800000E02
7.118418E01, 1.800000E02
7.152933E01, 1.800000E02
7.187305E01, 1.800000E02
7.221531E01, 1.800000E02
7.255606E01, 1.800000E02
7.289527E01, 1.800000E02
7.323291E01, 1.800000E02
7.356893E01, 1.800000E02
7.390329E01, 1.800000E02
7.423597E01, 1.800000E02
7.456692E01, 1.800000E02
7.489610E01, 1.800000E02
7.522349E01, 1.800000E02
7.554904E01, 1.800000E02
7.587271E01, 1.800000E02
7.619447E01, 1.800000E02
7.651428E01, 1.800000E02
7.683211E01, 1.800000E02
7.714792E01, 1.800000E02
7.746167E01, 1.800000E02
7.777332E01, 1.800000E02
7.808285E01, 1.800000E02
7.839020E01, 1.800000E02
7.869536E01, 1.800000E02
7.899827E01, 1.800000E02
7.929891E01, 1.800000E02
7.959724E01, 1.800000E02
7.989322E01, 1.800000E02
8.018682E01, 1.800000E02
8.047800E01, 1.800000E02
8.076673E01, 1.800000E02
8.105297E01, 1.800000E02
8.133669E01, 1.800000E02
8.161785E01, 1.800000E02
8.189642E01, 1.800000E02
8.217236E01, 1.800000E02
8.244565E01, 1.800000E02
8.271624E01, 1.800000E02
8.298410E01, 1.800000E02
8.324920E01, 1.800000E02
8.351150E01, 1.800000E02
8.377098E01, 1.800000E02
8.402760E01, 1.800000E02
8.428132E01, 1.800000E02
8.453212E01, 1.800000E02
8.477996E01, 1.800000E02
8.502481E01, 1.800000E02
8.526664E01, 1.800000E02
8.550542E01, 1.800000E02
8.574111E01, 1.800000E02
8.597369E01, 1.800000E02
8.620312E01, 1.800000E02
8.642938E01, 1.800000E02
8.665243E01, 1.800000E02
8.687225E01, 1.800000E02
8.708880E01, 1.800000E02
8.730205E01, 1.800000E02
8.751199E01, 1.800000E02
8.771857E01, 1.800000E02
8.792178E01, 1.800000E02
8.812157E01, 1.800000E02
8.831794E01, 1.800000E02
8.851084E01, 1.800000E02
8.870025E01, 1.800000E02
8.888614E01, 1.800000E02
8.906850E01, 1.800000E02
8.924729E01, 1.800000E02
8.942248E01, 1.800000E02
8.959406E01, 1.800000E02
8.976199E01, 1.800000E02
8.992626E01, 1.800000E02
9.008684E01, 1.800000E02
9.024370E01, 1.800000E02
9.039683E01, 1.800000E02
9.054619E01, 1.800000E02
9.069177E01, 1.800000E02
9.083355E01, 1.800000E02
9.097150E01, 1.800000E02
9.110560E01, 1.800000E02
9.123583E01, 1.800000E02
9.136218E01, 1.800000E02
9.148461E01, 1.800000E02
9.160312E01, 1.800000E02
9.171768E01, 1.800000E02
9.182827E01, 1.800000E02
9.193488E01, 1.800000E02
9.203748E01, 1.800000E02
9.213606E01, 1.800000E02
9.223061E01, 1.800000E02
9.232110E01, 1.800000E02
9.240752E01, 1.800000E02
9.248985E01, 1.800000E02
9.256808E01, 1.800000E02
9.264220E01, 1.800000E02
9.271218E01, 1.800000E02
9.277802E01, 1.800000E02
9.283970E01, 1.800000E02
9.289721E01, 1.800000E02
9.295053E01, 1.800000E02
9.299966E01, 1.800000E02
9.304458E01, 1.800000E02
9.308528E01, 1.800000E02
9.312175E01, 1.800000E02
9.315398E01, 1.800000E02
9.318195E01, 1.800000E02
9.320567E01, 1.800000E02
9.322512E01, 1.800000E02
9.324029E01, 1.800000E02
9.325118E01, 1.800000E02
9.325777E01, 1.800000E02
9.326006E01, 1.800000E02
9.325805E01, 1.800000E02
9.325172E01, 1.800000E02
9.324107E01, 1.800000E02
9.322610E01, 1.800000E02
9.320680E01, 1.800000E02
9.318316E01, 1.800000E02
9.315519E01, 1.800000E02
9.312288E01, 1.800000E02
9.308622E01, 1.800000E02
9.304522E01, 1.800000E02
9.299987E01, 1.800000E02
9.295016E01, 1.800000E02
9.289611E01, 1.800000E02
9.283771E01, 1.800000E02
9.277495E01, 1.800000E02
9.270785E01, 1.800000E02
9.263639E01, 1.800000E02
9.256058E01, 1.800000E02
9.248042E01, 1.800000E02
9.239592E01, 1.800000E02
9.230708E01, 1.800000E02
9.221389E01, 1.800000E02
9.211636E01, 1.800000E02
9.201451E01, 1.800000E02
9.190832E01, 1.800000E02
9.179781E01, 1.800000E02
9.168298E01, 1.800000E02
9.156384E01, 1.800000E02
9.144038E01, 1.800000E02
9.131263E01, 1.800000E02
9.118058E01, 1.800000E02
9.104425E01, 1.800000E02
9.090364E01, 1.800000E02
9.075875E01, 1.800000E02
9.060960E01, 1.800000E02
9.045620E01, 1.800000E02
9.029855E01, 1.800000E02
9.013667E01, 1.800000E02
8.997057E01, 1.800000E02
8.980025E01, 1.800000E02
8.962572E01, 1.800000E02
8.944701E01, 1.800000E02
8.926411E01, 1.800000E02
8.907705E01, 1.800000E02
8.888583E01, 1.800000E02
8.869047E01, 1.800000E02
8.849098E01, 1.800000E02
8.828737E01, 1.800000E02
8.807967E01, 1.800000E02
8.786787E01, 1.800000E02
8.765200E01, 1.800000E02
8.743207E01, 1.800000E02
8.720810E01, 1.800000E02
8.698011E01, 1.800000E02
8.674810E01, 1.800000E02
8.651209E01, 1.800000E02
8.627211E01, 1.800000E02
8.602817E01, 1.800000E02
8.578029E01, 1.800000E02
8.552847E01, 1.800000E02
8.527275E01, 1.800000E02
8.501314E01, 1.800000E02
8.474966E01, 1.800000E02
8.448233E01, 1.800000E02
8.421116E01, 1.800000E02
8.393618E01, 1.800000E02
8.365740E01, 1.800000E02
8.337485E01, 1.800000E02
8.308854E01, 1.800000E02
8.279850E01, 1.800000E02
8.250475E01, 1.800000E02
8.220730E01, 1.800000E02
8.190619E01, 1.800000E02
8.160142E01, 1.800000E02
8.129303E01, 1.800000E02
8.098102E01, 1.800000E02
8.066544E01, 1.800000E02
8.034629E01, 1.800000E02
8.002361E01, 1.800000E02
7.969740E01, 1.800000E02
7.936771E01, 1.800000E02
7.903454E01, 1.800000E02
7.869793E01, 1.800000E02
7.835789E01, 1.800000E02
7.801445E01, 1.800000E02
7.766764E01, 1.800000E02
7.731747E01, 1.800000E02
7.696398E01, 1.800000E02
7.660718E01, 1.800000E02
7.624711E01, 1.800000E02
7.588378E01, 1.800000E02
7.551722E01, 1.800000E02
7.514746E01, 1.800000E02
7.477451E01, 1.800000E02
7.439841E01, 1.800000E02
7.401919E01, 1.800000E02
7.363686E01, 1.800000E02
7.325145E01, 1.800000E02
7.286299E01, 1.800000E02
7.247150E01, 1.800000E02
7.207701E01, 1.800000E02
7.167954E01, 1.800000E02
7.127913E01, 1.800000E02
7.087579E01, 1.800000E02
7.046956E01, 1.800000E02
7.006045E01, 1.800000E02
6.964850E01, 1.800000E02
6.923373E01, 1.800000E02
6.881617E01, 1.800000E02
6.839584E01, 1.800000E02
6.797278E01, 1.800000E02
6.754700E01, 1.800000E02
6.711853E01, 1.800000E02
6.668740E01, 1.800000E02
6.625364E01, 1.800000E02
6.581728E01, 1.800000E02
6.537833E01, 1.800000E02
6.493683E01, 1.800000E02
6.449280E01, 1.800000E02
6.404627E01, 1.800000E02
6.359726E01, 1.800000E02
6.314581E01, 1.800000E02
6.269193E01, 1.800000E02
6.223566E01, 1.800000E02
6.177702E01, 1.800000E02
6.131604E01, 1.800000E02
6.085275E01, 1.800000E02
6.038716E01, 1.800000E02
5.991931E01, 1.800000E02
5.944922E01, 1.800000E02
5.897692E01, 1.800000E02
5.850244E01, 1.800000E02
5.802579E01, 1.800000E02
5.754702E01, 1.800000E02
5.706614E01, 1.800000E02
5.658317E01, 1.800000E02
5.609815E01, 1.800000E02
5.561110E01, 1.800000E02
5.512205E01, 1.800000E02
5.463101E01, 1.800000E02
5.413803E01, 1.800000E02
5.364311E01, 1.800000E02
5.314630E01, 1.800000E02
5.264760E01, 1.800000E02
5.214705E01, 1.800000E02
5.164468E01, 1.800000E02
5.114050E01, 1.800000E02
5.063454E01, 1.800000E02
5.012683E01, 1.800000E02
4.961739E01, 1.800000E02
4.910625E01, 1.800000E02
4.859343E01, 1.800000E02
4.807895E01, 1.800000E02
4.756283E01, 1.800000E02
4.704511E01, 1.800000E02
4.652580E01, 1.800000E02
4.600494E01, 1.800000E02
4.548253E01, 1.800000E02
4.495861E01, 1.800000E02
4.443320E01, 1.800000E02
4.390632E01, 1.800000E02
4.337800E01, 1.800000E02
4.284825E01, 1.800000E02
4.231710E01, 1.800000E02
4.178458E01, 1.800000E02
4.125070E01, 1.800000E02
4.071549E01, 1.800000E02
4.017897E01, 1.800000E02
3.964116E01, 1.800000E02
3.910208E01, 1.800000E02
3.856176E01, 1.800000E02
3.802022E01, 1.800000E02
3.747747E01, 1.800000E02
3.693354E01, 1.800000E02
3.638845E01, 1.800000E02
3.584223E01, 1.800000E02
3.529488E01, 1.800000E02
3.474644E01, 1.800000E02
3.419692E01, 1.800000E02
3.364634E01, 1.800000E02
3.309473E01, 1.800000E02
3.254210E01, 1.800000E02
3.198847E01, 1.800000E02
3.143386E01, 1.800000E02
3.087830E01, 1.800000E02
3.032180E01, 1.800000E02
2.976438E01, 1.800000E02
2.920606E01, 1.800000E02
2.864686E01, 1.800000E02
2.808680E01, 1.800000E02
2.752590E01, 1.800000E02
2.696417E01, 1.800000E02
2.640163E01, 1.800000E02
2.583831E01, 1.800000E02
2.527422E01, 1.800000E02
2.470937E01, 1.800000E02
2.414380E01, 1.800000E02
2.357750E01, 1.800000E02
2.301051E01, 1.800000E02
2.244283E01, 1.800000E02
2.187450E01, 1.800000E02
2.130551E01, 1.800000E02
2.073590E01, 1.800000E02
2.016567E01, 1.800000E02
1.959485E01, 1.800000E02
1.902345E01, 1.800000E02
1.845149E01, 1.800000E02
1.787898E01, 1.800000E02
1.730595E01, 1.800000E02
1.673240E01, 1.800000E02
1.615835E01, 1.800000E02
1.558382E01, 1.800000E02
1.500883E01, 1.800000E02
1.443339E01, 1.800000E02
1.385752E01, 1.800000E02
1.328123E01, 1.800000E02
1.270454E01, 1.800000E02
1.212746E01, 1.800000E02
1.155001E01, 1.800000E02
1.097220E01, 1.800000E02
1.039406E01, 1.800000E02
9.815590E00, 1.800000E02
9.236811E00, 1.800000E02
8.657737E00, 1.800000E02
8.078383E00, 1.800000E02
7.498764E00, 1.800000E02
6.918896E00, 1.800000E02
6.338791E00, 1.800000E02
5.758467E00, 1.800000E02
5.177936E00, 1.800000E02
4.597214E00, 1.800000E02
4.016315E00, 1.800000E02
3.435254E00, 1.800000E02
2.854045E00, 1.800000E02
2.272703E00, 1.800000E02
1.691242E00, 1.800000E02
1.109676E00, 1.800000E02
5.280209E-01, 1.800000E02
5.371059E-02, 0.000000E00
6.355036E-01, 0.000000E00
1.217344E00, 0.000000E00
1.799217E00, 0.000000E00
2.381109E00, 0.000000E00
2.963005E00, 0.000000E00
3.544892E00, 0.000000E00
4.126754E00, 0.000000E00
4.708578E00, 0.000000E00
5.290350E00, 0.000000E00
5.872054E00, 0.000000E00
6.453678E00, 0.000000E00
7.035206E00, 0.000000E00
7.616625E00, 0.000000E00
8.197919E00, 0.000000E00
8.779075E00, 0.000000E00
9.360079E00, 0.000000E00
9.940915E00, 0.000000E00
1.052157E01, 0.000000E00
1.110203E01, 0.000000E00
1.168228E01, 0.000000E00
1.226230E01, 0.000000E00
1.284208E01, 0.000000E00
1.342161E01, 0.000000E00
1.400087E01, 0.000000E00
1.457984E01, 0.000000E00
1.515852E01, 0.000000E00
1.573688E01, 0.000000E00
1.631492E01, 0.000000E00
1.689261E01, 0.000000E00
1.746994E01, 0.000000E00
1.804689E01, 0.000000E00
1.862346E01, 0.000000E00
1.919963E01, 0.000000E00
1.977537E01, 0.000000E00
2.035068E01, 0.000000E00
2.092553E01, 0.000000E00
2.149992E01, 0.000000E00
2.207383E01, 0.000000E00
2.264724E01, 0.000000E00
2.322014E01, 0.000000E00
2.379250E01, 0.000000E00
2.436432E01, 0.000000E00
2.493557E01, 0.000000E00
2.550625E01, 0.000000E00
2.607633E01, 0.000000E00
2.664580E01, 0.000000E00
2.721464E01, 0.000000E00
2.778283E01, 0.000000E00
2.835036E01, 0.000000E00
2.891722E01, 0.000000E00
2.948337E01, 0.000000E00
3.004881E01, 0.000000E00
3.061352E01, 0.000000E00
3.117748E01, 0.000000E00
3.174068E01, 0.000000E00
3.230309E01, 0.000000E00
3.286470E01, 0.000000E00
3.342548E01, 0.000000E00
3.398543E01, 0.000000E00
3.454453E01, 0.000000E00
3.510274E01, 0.000000E00
3.566007E01, 0.000000E00
3.621648E01, 0.000000E00
3.677196E01, 0.000000E00
3.732649E01, 0.000000E00
3.788005E01, 0.000000E00
3.843263E01, 0.000000E00
3.898419E01, 0.000000E00
3.953473E01, 0.000000E00
4.008422E01, 0.000000E00
4.063265E01, 0.000000E00
4.117999E01, 0.000000E00
4.172622E01, 0.000000E00
4.227133E01, 0.000000E00
4.281529E01, 0.000000E00
4.335808E01, 0.000000E00
4.389968E01, 0.000000E00
4.444008E01, 0.000000E00
4.497925E01, 0.000000E00
4.551716E01, 0.000000E00
4.605381E01, 0.000000E00
4.658916E01, 0.000000E00
4.712320E01, 0.000000E00
4.765590E01, 0.000000E00
4.818725E01, 0.000000E00
4.871721E01, 0.000000E00
4.924578E01, 0.000000E00
4.977292E01, 0.000000E00
5.029862E01, 0.000000E00
5.082285E01, 0.000000E00
5.134559E01, 0.000000E00
5.186682E01, 0.000000E00
5.238651E01, 0.000000E00
5.290465E01, 0.000000E00
5.342121E01, 0.000000E00
5.393616E01, 0.000000E00
5.444949E01, 0.000000E00
5.496117E01, 0.000000E00
5.547117E01, 0.000000E00
5.597948E01, 0.000000E00
5.648607E01, 0.000000E00
5.699092E01, 0.000000E00
5.749400E01, 0.000000E00
5.799529E01, 0.000000E00
5.849476E01, 0.000000E00
5.899240E01, 0.000000E00
5.948817E01, 0.000000E00
5.998206E01, 0.000000E00
6.047404E01, 0.000000E00
6.096408E01, 0.000000E00
6.145216E01, 0.000000E00
6.193826E01, 0.000000E00
6.242235E01, 0.000000E00
6.290441E01, 0.000000E00
6.338441E01, 0.000000E00
6.386233E01, 0.000000E00
6.433814E01, 0.000000E00
6.481182E01, 0.000000E00
6.528334E01, 0.000000E00
6.575268E01, 0.000000E00
6.621982E01, 0.000000E00
6.668473E01, 0.000000E00
6.714738E01, 0.000000E00
6.760775E01, 0.000000E00
6.806581E01, 0.000000E00
6.852154E01, 0.000000E00
6.897492E01, 0.000000E00
6.942592E01, 0.000000E00
6.987451E01, 0.000000E00
7.032067E01, 0.000000E00
7.076438E01, 0.000000E00
7.120560E01, 0.000000E00
7.164432E01, 0.000000E00
7.208051E01, 0.000000E00
7.251414E01, 0.000000E00
7.294519E01, 0.000000E00
7.337364E01, 0.000000E00
7.379945E01, 0.000000E00
7.422262E01, 0.000000E00
7.464310E01, 0.000000E00
7.506087E01, 0.000000E00
7.547592E01, 0.000000E00
7.588822E01, 0.000000E00
7.629774E01, 0.000000E00
7.670445E01, 0.000000E00
7.710834E01, 0.000000E00
7.750937E01, 0.000000E00
7.790754E01, 0.000000E00
7.830280E01, 0.000000E00
7.869514E01, 0.000000E00
7.908453E01, 0.000000E00
7.947095E01, 0.000000E00
7.985438E01, 0.000000E00
8.023478E01, 0.000000E00
8.061215E01, 0.000000E00
8.098645E01, 0.000000E00
8.135767E01, 0.000000E00
8.172577E01, 0.000000E00
8.209074E01, 0.000000E00
8.245256E01, 0.000000E00
8.281119E01, 0.000000E00
8.316663E01, 0.000000E00
8.351884E01, 0.000000E00
8.386780E01, 0.000000E00
8.421350E01, 0.000000E00
8.455591E01, 0.000000E00
8.489501E01, 0.000000E00
8.523078E01, 0.000000E00
8.556319E01, 0.000000E00
8.589223E01, 0.000000E00
8.621788E01, 0.000000E00
8.654011E01, 0.000000E00
8.685891E01, 0.000000E00
8.717425E01, 0.000000E00
8.748612E01, 0.000000E00
8.779450E01, 0.000000E00
8.809936E01, 0.000000E00
8.840069E01, 0.000000E00
8.869847E01, 0.000000E00
8.899268E01, 0.000000E00
8.928330E01, 0.000000E00
8.957031E01, 0.000000E00
8.985371E01, 0.000000E00
9.013346E01, 0.000000E00
9.040955E01, 0.000000E00
9.068197E01, 0.000000E00
9.095070E01, 0.000000E00
9.121572E01, 0.000000E00
9.147701E01, 0.000000E00
9.173457E01, 0.000000E00
9.198838E01, 0.000000E00
9.223841E01, 0.000000E00
9.248466E01, 0.000000E00
9.272711E01, 0.000000E00
9.296575E01, 0.000000E00
9.320056E01, 0.000000E00
9.343154E01, 0.000000E00
9.365866E01, 0.000000E00
9.388191E01, 0.000000E00
9.410129E01, 0.000000E00
9.431678E01, 0.000000E00
9.452837E01, 0.000000E00
9.473604E01, 0.000000E00
9.493980E01, 0.000000E00
9.513962E01, 0.000000E00
9.533549E01, 0.000000E00
9.552741E01, 0.000000E00
9.571537E01, 0.000000E00
9.589936E01, 0.000000E00
9.607937E01, 0.000000E00
9.625539E01, 0.000000E00
9.642741E01, 0.000000E00
9.659543E01, 0.000000E00
9.675944E01, 0.000000E00
9.691944E01, 0.000000E00
9.707541E01, 0.000000E00
9.722735E01, 0.000000E00
9.737526E01, 0.000000E00
9.751912E01, 0.000000E00
9.765895E01, 0.000000E00
9.779472E01, 0.000000E00
9.792645E01, 0.000000E00
9.805412E01, 0.000000E00
9.817774E01, 0.000000E00
9.829729E01, 0.000000E00
9.841278E01, 0.000000E00
9.852421E01, 0.000000E00
9.863158E01, 0.000000E00
9.873488E01, 0.000000E00
9.883412E01, 0.000000E00
9.892930E01, 0.000000E00
9.902041E01, 0.000000E00
9.910745E01, 0.000000E00
9.919044E01, 0.000000E00
9.926937E01, 0.000000E00
9.934424E01, 0.000000E00
9.941506E01, 0.000000E00
9.948183E01, 0.000000E00
9.954456E01, 0.000000E00
9.960324E01, 0.000000E00
9.965789E01, 0.000000E00
9.970851E01, 0.000000E00
9.975510E01, 0.000000E00
9.979767E01, 0.000000E00
9.983623E01, 0.000000E00
9.987078E01, 0.000000E00
9.990134E01, 0.000000E00
9.992790E01, 0.000000E00
9.995049E01, 0.000000E00
9.996910E01, 0.000000E00
9.998375E01, 0.000000E00
9.999445E01, 0.000000E00
1.000012E02, 0.000000E00
1.000040E02, 0.000000E00
1.000029E02, 0.000000E00
9.999792E01, 0.000000E00
9.998901E01, 0.000000E00
9.997622E01, 0.000000E00
9.995956E01, 0.000000E00
9.993904E01, 0.000000E00
9.991468E01, 0.000000E00
9.988648E01, 0.000000E00
9.985448E01, 0.000000E00
9.981867E01, 0.000000E00
9.977908E01, 0.000000E00
9.973572E01, 0.000000E00
9.968861E01, 0.000000E00
9.963777E01, 0.000000E00
9.958321E01, 0.000000E00
9.952495E01, 0.000000E00
9.946301E01, 0.000000E00
9.939740E01, 0.000000E00
9.932816E01, 0.000000E00
9.925529E01, 0.000000E00
9.917882E01, 0.000000E00
9.909877E01, 0.000000E00
9.901515E01, 0.000000E00
9.892799E01, 0.000000E00
9.883732E01, 0.000000E00
9.874315E01, 0.000000E00
9.864550E01, 0.000000E00
9.854440E01, 0.000000E00
9.843987E01, 0.000000E00
9.833194E01, 0.000000E00
9.822063E01, 0.000000E00
9.810596E01, 0.000000E00
9.798796E01, 0.000000E00
9.786665E01, 0.000000E00
9.774206E01, 0.000000E00
9.761421E01, 0.000000E00
9.748314E01, 0.000000E00
9.734886E01, 0.000000E00
9.721141E01, 0.000000E00
9.707081E01, 0.000000E00
9.692709E01, 0.000000E00
9.678027E01, 0.000000E00
9.663040E01, 0.000000E00
9.647748E01, 0.000000E00
9.632156E01, 0.000000E00
9.616266E01, 0.000000E00
9.600081E01, 0.000000E00
9.583605E01, 0.000000E00
9.566840E01, 0.000000E00
9.549788E01, 0.000000E00
9.532455E01, 0.000000E00
9.514841E01, 0.000000E00
9.496952E01, 0.000000E00
9.478789E01, 0.000000E00
9.460356E01, 0.000000E00
9.441656E01, 0.000000E00
9.422693E01, 0.000000E00
9.403469E01, 0.000000E00
9.383988E01, 0.000000E00
9.364254E01, 0.000000E00
9.344269E01, 0.000000E00
9.324037E01, 0.000000E00
9.303562E01, 0.000000E00
9.282846E01, 0.000000E00
9.261894E01, 0.000000E00
9.240708E01, 0.000000E00
9.219293E01, 0.000000E00
9.197651E01, 0.000000E00
9.175787E01, 0.000000E00
9.153703E01, 0.000000E00
9.131404E01, 0.000000E00
9.108893E01, 0.000000E00
9.086173E01, 0.000000E00
9.063248E01, 0.000000E00
9.040122E01, 0.000000E00
9.016798E01, 0.000000E00
8.993280E01, 0.000000E00
8.969572E01, 0.000000E00
8.945677E01, 0.000000E00
8.921600E01, 0.000000E00
8.897343E01, 0.000000E00
8.872910E01, 0.000000E00
8.848306E01, 0.000000E00
8.823533E01, 0.000000E00
8.798597E01, 0.000000E00
8.773499E01, 0.000000E00
8.748245E01, 0.000000E00
8.722838E01, 0.000000E00
8.697282E01, 0.000000E00
8.671580E01, 0.000000E00
8.645737E01, 0.000000E00
8.619755E01, 0.000000E00
8.593640E01, 0.000000E00
8.567394E01, 0.000000E00
8.541022E01, 0.000000E00
8.514527E01, 0.000000E00
8.487913E01, 0.000000E00
8.461185E01, 0.000000E00
8.434345E01, 0.000000E00
8.407397E01, 0.000000E00
8.380347E01, 0.000000E00
8.353196E01, 0.000000E00
8.325949E01, 0.000000E00
8.298611E01, 0.000000E00
8.271183E01, 0.000000E00
8.243672E01, 0.000000E00
8.216079E01, 0.000000E00
8.188410E01, 0.000000E00
8.160668E01, 0.000000E00
8.132856E01, 0.000000E00
8.104978E01, 0.000000E00
8.077039E01, 0.000000E00
8.049042E01, 0.000000E00
8.020990E01, 0.000000E00
7.992888E01, 0.000000E00
7.964739E01, 0.000000E00
7.936547E01, 0.000000E00
7.908315E01, 0.000000E00
7.880048E01, 0.000000E00
7.851749E01, 0.000000E00
7.823421E01, 0.000000E00
7.795069E01, 0.000000E00
7.766695E01, 0.000000E00
7.738305E01, 0.000000E00
7.709900E01, 0.000000E00
7.681486E01, 0.000000E00
7.653064E01, 0.000000E00
7.624640E01, 0.000000E00
7.596217E01, 0.000000E00
7.567797E01, 0.000000E00
7.539386E01, 0.000000E00
7.510985E01, 0.000000E00
7.482599E01, 0.000000E00
7.454231E01, 0.000000E00
7.425885E01, 0.000000E00
7.397563E01, 0.000000E00
7.369270E01, 0.000000E00
7.341009E01, 0.000000E00
7.312783E01, 0.000000E00
7.284595E01, 0.000000E00
7.256449E01, 0.000000E00
7.228349E01, 0.000000E00
7.200296E01, 0.000000E00
7.172296E01, 0.000000E00
7.144350E01, 0.000000E00
7.116462E01, 0.000000E00
7.088635E01, 0.000000E00
7.060873E01, 0.000000E00
7.033178E01, 0.000000E00
7.005554E01, 0.000000E00
6.978003E01, 0.000000E00
6.950529E01, 0.000000E00
6.923135E01, 0.000000E00
6.895824E01, 0.000000E00
6.868598E01, 0.000000E00
6.841461E01, 0.000000E00
6.814415E01, 0.000000E00
6.787464E01, 0.000000E00
6.760610E01, 0.000000E00
6.733856E01, 0.000000E00
6.707204E01, 0.000000E00
6.680659E01, 0.000000E00
6.654221E01, 0.000000E00
6.627895E01, 0.000000E00
6.601682E01, 0.000000E00
6.575585E01, 0.000000E00
6.549608E01, 0.000000E00
6.523751E01, 0.000000E00
6.498019E01, 0.000000E00
6.472413E01, 0.000000E00
6.446936E01, 0.000000E00
6.421591E01, 0.000000E00
6.396379E01, 0.000000E00
6.371303E01, 0.000000E00
6.346366E01, 0.000000E00
6.321569E01, 0.000000E00
6.296916E01, 0.000000E00
6.272408E01, 0.000000E00
6.248047E01, 0.000000E00
6.223836E01, 0.000000E00
6.199776E01, 0.000000E00
6.175871E01, 0.000000E00
6.152121E01, 0.000000E00
6.128529E01, 0.000000E00
6.105097E01, 0.000000E00
6.081827E01, 0.000000E00
6.058720E01, 0.000000E00
6.035779E01, 0.000000E00
6.013006E01, 0.000000E00
5.990402E01, 0.000000E00
5.967968E01, 0.000000E00
5.945708E01, 0.000000E00
5.923622E01, 0.000000E00
5.901712E01, 0.000000E00
5.879980E01, 0.000000E00
5.858427E01, 0.000000E00
5.837055E01, 0.000000E00
5.815866E01, 0.000000E00
5.794860E01, 0.000000E00
5.774040E01, 0.000000E00
5.753406E01, 0.000000E00
5.732961E01, 0.000000E00
5.712705E01, 0.000000E00
5.692639E01, 0.000000E00
5.672766E01, 0.000000E00
5.653085E01, 0.000000E00
5.633599E01, 0.000000E00
5.614309E01, 0.000000E00
5.595215E01, 0.000000E00
5.576319E01, 0.000000E00
5.557622E01, 0.000000E00
5.539124E01, 0.000000E00
5.520827E01, 0.000000E00
5.502732E01, 0.000000E00
5.484839E01, 0.000000E00
5.467149E01, 0.000000E00
5.449664E01, 0.000000E00
5.432384E01, 0.000000E00
5.415309E01, 0.000000E00
5.398441E01, 0.000000E00
5.381780E01, 0.000000E00
5.365327E01, 0.000000E00
5.349082E01, 0.000000E00
5.333046E01, 0.000000E00
5.317220E01, 0.000000E00
5.301603E01, 0.000000E00
5.286197E01, 0.000000E00
5.271002E01, 0.000000E00
5.256018E01, 0.000000E00
5.241246E01, 0.000000E00
5.226686E01, 0.000000E00
5.212338E01, 0.000000E00
5.198202E01, 0.000000E00
5.184280E01, 0.000000E00
5.170570E01, 0.000000E00
5.157073E01, 0.000000E00
5.143790E01, 0.000000E00
5.130719E01, 0.000000E00
5.117863E01, 0.000000E00
5.105219E01, 0.000000E00
5.092789E01, 0.000000E00
5.080573E01, 0.000000E00
5.068569E01, 0.000000E00
5.056779E01, 0.000000E00
5.045202E01, 0.000000E00
5.033838E01, 0.000000E00
5.022686E01, 0.000000E00
5.011747E01, 0.000000E00
5.001021E01, 0.000000E00
4.990506E01, 0.000000E00
4.980203E01, 0.000000E00
4.970111E01, 0.000000E00
4.960230E01, 0.000000E00
4.950559E01, 0.000000E00
4.941099E01, 0.000000E00
4.931848E01, 0.000000E00
4.922806E01, 0.000000E00
4.913973E01, 0.000000E00
4.905348E01, 0.000000E00
4.896931E01, 0.000000E00
4.888720E01, 0.000000E00
4.880715E01, 0.000000E00
4.872917E01, 0.000000E00
4.865323E01, 0.000000E00
4.857933E01, 0.000000E00
4.850746E01, 0.000000E00
4.843763E01, 0.000000E00
4.836981E01, 0.000000E00
4.830401E01, 0.000000E00
4.824020E01, 0.000000E00
4.817839E01, 0.000000E00
4.811857E01, 0.000000E00
4.806072E01, 0.000000E00
4.800484E01, 0.000000E00
4.795092E01, 0.000000E00
4.789894E01, 0.000000E00
4.784890E01, 0.000000E00
4.780079E01, 0.000000E00
4.775459E01, 0.000000E00
4.771030E01, 0.000000E00
4.766791E01, 0.000000E00
4.762740E01, 0.000000E00
4.758876E01, 0.000000E00
4.755199E01, 0.000000E00
4.751706E01, 0.000000E00
4.748397E01, 0.000000E00
4.745271E01, 0.000000E00
4.742326E01, 0.000000E00
4.739561E01, 0.000000E00
4.736975E01, 0.000000E00
4.734566E01, 0.000000E00
4.732333E01, 0.000000E00
4.730276E01, 0.000000E00
4.728392E01, 0.000000E00
4.726680E01, 0.000000E00
4.725138E01, 0.000000E00
4.723767E01, 0.000000E00
4.722563E01, 0.000000E00
4.721526E01, 0.000000E00
4.720654E01, 0.000000E00
4.719946E01, 0.000000E00
4.719399E01, 0.000000E00
4.719014E01, 0.000000E00
4.718788E01, 0.000000E00
4.718719E01, 0.000000E00
4.718807E01, 0.000000E00
4.719050E01, 0.000000E00
4.719445E01, 0.000000E00
4.719992E01, 0.000000E00
4.720689E01, 0.000000E00
4.721535E01, 0.000000E00
4.722527E01, 0.000000E00
4.723664E01, 0.000000E00
4.724945E01, 0.000000E00
4.726368E01, 0.000000E00
4.727931E01, 0.000000E00
4.729633E01, 0.000000E00
4.731472E01, 0.000000E00
4.733446E01, 0.000000E00
4.735553E01, 0.000000E00
4.737792E01, 0.000000E00
4.740162E01, 0.000000E00
4.742660E01, 0.000000E00
4.745285E01, 0.000000E00
4.748035E01, 0.000000E00
4.750908E01, 0.000000E00
4.753903E01, 0.000000E00
4.757018E01, 0.000000E00
4.760250E01, 0.000000E00
4.763599E01, 0.000000E00
4.767063E01, 0.000000E00
4.770639E01, 0.000000E00
4.774326E01, 0.000000E00
4.778123E01, 0.000000E00
4.782027E01, 0.000000E00
4.786036E01, 0.000000E00
4.790150E01, 0.000000E00
4.794365E01, 0.000000E00
4.798681E01, 0.000000E00
4.803095E01, 0.000000E00
4.807606E01, 0.000000E00
4.812211E01, 0.000000E00
4.816910E01, 0.000000E00
4.821699E01, 0.000000E00
4.826578E01, 0.000000E00
4.831545E01, 0.000000E00
4.836597E01, 0.000000E00
4.841733E01, 0.000000E00
4.846951E01, 0.000000E00
4.852249E01, 0.000000E00
4.857626E01, 0.000000E00
4.863079E01, 0.000000E00
4.868607E01, 0.000000E00
4.874207E01, 0.000000E00
4.879879E01, 0.000000E00
4.885620E01, 0.000000E00
4.891428E01, 0.000000E00
4.897302E01, 0.000000E00
4.903240E01, 0.000000E00
4.909239E01, 0.000000E00
4.915299E01, 0.000000E00
4.921417E01, 0.000000E00
4.927591E01, 0.000000E00
4.933820E01, 0.000000E00
4.940101E01, 0.000000E00
4.946434E01, 0.000000E00
4.952816E01, 0.000000E00
4.959245E01, 0.000000E00
4.965720E01, 0.000000E00
4.972238E01, 0.000000E00
4.978798E01, 0.000000E00
4.985399E01, 0.000000E00
4.992038E01, 0.000000E00
4.998713E01, 0.000000E00
5.005424E01, 0.000000E00
5.012167E01, 0.000000E00
5.018942E01, 0.000000E00
5.025746E01, 0.000000E00
5.032578E01, 0.000000E00
5.039436E01, 0.000000E00
5.046318E01, 0.000000E00
5.053222E01, 0.000000E00
5.060148E01, 0.000000E00
5.067092E01, 0.000000E00
5.074054E01, 0.000000E00
5.081031E01, 0.000000E00
5.088022E01, 0.000000E00
5.095025E01, 0.000000E00
5.102039E01, 0.000000E00
5.109061E01, 0.000000E00
5.116091E01, 0.000000E00
5.123126E01, 0.000000E00
5.130165E01, 0.000000E00
5.137206E01, 0.000000E00
5.144247E01, 0.000000E00
5.151287E01, 0.000000E00
5.158324E01, 0.000000E00
5.165357E01, 0.000000E00
5.172384E01, 0.000000E00
5.179403E01, 0.000000E00
5.186413E01, 0.000000E00
5.193411E01, 0.000000E00
5.200398E01, 0.000000E00
5.207370E01, 0.000000E00
5.214327E01, 0.000000E00
5.221266E01, 0.000000E00
5.228187E01, 0.000000E00
5.235088E01, 0.000000E00
5.241966E01, 0.000000E00
5.248822E01, 0.000000E00
5.255652E01, 0.000000E00
5.262457E01, 0.000000E00
5.269233E01, 0.000000E00
5.275981E01, 0.000000E00
5.282697E01, 0.000000E00
5.289382E01, 0.000000E00
5.296032E01, 0.000000E00
5.302648E01, 0.000000E00
5.309227E01, 0.000000E00
5.315769E01, 0.000000E00
5.322271E01, 0.000000E00
5.328732E01, 0.000000E00
5.335151E01, 0.000000E00
5.341527E01, 0.000000E00
5.347858E01, 0.000000E00
5.354143E01, 0.000000E00
5.360381E01, 0.000000E00
5.366569E01, 0.000000E00
5.372708E01, 0.000000E00
5.378795E01, 0.000000E00
5.384830E01, 0.000000E00
5.390810E01, 0.000000E00
5.396736E01, 0.000000E00
5.402605E01, 0.000000E00
5.408416E01, 0.000000E00
5.414168E01, 0.000000E00
5.419860E01, 0.000000E00
5.425491E01, 0.000000E00
5.431059E01, 0.000000E00
5.436564E01, 0.000000E00
5.442004E01, 0.000000E00
5.447377E01, 0.000000E00
5.452684E01, 0.000000E00
5.457922E01, 0.000000E00
5.463091E01, 0.000000E00
5.468190E01, 0.000000E00
5.473217E01, 0.000000E00
5.478171E01, 0.000000E00
5.483051E01, 0.000000E00
5.487857E01, 0.000000E00
5.492587E01, 0.000000E00
5.497240E01, 0.000000E00
5.501815E01, 0.000000E00
5.506312E01, 0.000000E00
5.510728E01, 0.000000E00
5.515064E01, 0.000000E00
5.519319E01, 0.000000E00
5.523490E01, 0.000000E00
5.527578E01, 0.000000E00
5.531581E01, 0.000000E00
5.535499E01, 0.000000E00
5.539331E01, 0.000000E00
5.543075E01, 0.000000E00
5.546732E01, 0.000000E00
5.550299E01, 0.000000E00
5.553777E01, 0.000000E00
5.557164E01, 0.000000E00
5.560460E01, 0.000000E00
5.563663E01, 0.000000E00
5.566774E01, 0.000000E00
5.569791E01, 0.000000E00
5.572714E01, 0.000000E00
5.575541E01, 0.000000E00
5.578272E01, 0.000000E00
5.580907E01, 0.000000E00
5.583444E01, 0.000000E00
5.585883E01, 0.000000E00
5.588223E01, 0.000000E00
5.590464E01, 0.000000E00
5.592605E01, 0.000000E00
5.594645E01, 0.000000E00
5.596584E01, 0.000000E00
5.598421E01, 0.000000E00
5.600156E01, 0.000000E00
5.601787E01, 0.000000E00
5.603315E01, 0.000000E00
5.604738E01, 0.000000E00
5.606057E01, 0.000000E00
5.607271E01, 0.000000E00
5.608378E01, 0.000000E00
5.609380E01, 0.000000E00
5.610274E01, 0.000000E00
5.611061E01, 0.000000E00
5.611741E01, 0.000000E00
5.612312E01, 0.000000E00
5.612775E01, 0.000000E00
5.613129E01, 0.000000E00
5.613373E01, 0.000000E00
5.613507E01, 0.000000E00
5.613531E01, 0.000000E00
5.613445E01, 0.000000E00
5.613248E01, 0.000000E00
5.612939E01, 0.000000E00
5.612518E01, 0.000000E00
5.611986E01, 0.000000E00
5.611342E01, 0.000000E00
5.610585E01, 0.000000E00
5.609715E01, 0.000000E00
5.608732E01, 0.000000E00
5.607635E01, 0.000000E00
5.606425E01, 0.000000E00
5.605101E01, 0.000000E00
5.603664E01, 0.000000E00
5.602112E01, 0.000000E00
5.600445E01, 0.000000E00
5.598664E01, 0.000000E00
5.596768E01, 0.000000E00
5.594757E01, 0.000000E00
5.592631E01, 0.000000E00
5.590390E01, 0.000000E00
5.588034E01, 0.000000E00
5.585562E01, 0.000000E00
5.582975E01, 0.000000E00
5.580272E01, 0.000000E00
5.577454E01, 0.000000E00
5.574519E01, 0.000000E00
5.571469E01, 0.000000E00
5.568304E01, 0.000000E00
5.565022E01, 0.000000E00
5.561625E01, 0.000000E00
5.558112E01, 0.000000E00
5.554483E01, 0.000000E00
5.550738E01, 0.000000E00
5.546877E01, 0.000000E00
5.542901E01, 0.000000E00
5.538809E01, 0.000000E00
5.534602E01, 0.000000E00
5.530279E01, 0.000000E00
5.525841E01, 0.000000E00
5.521288E01, 0.000000E00
5.516619E01, 0.000000E00
5.511835E01, 0.000000E00
5.506937E01, 0.000000E00
5.501924E01, 0.000000E00
5.496796E01, 0.000000E00
5.491554E01, 0.000000E00
5.486198E01, 0.000000E00
5.480727E01, 0.000000E00
5.475143E01, 0.000000E00
5.469445E01, 0.000000E00
5.463634E01, 0.000000E00
5.457710E01, 0.000000E00
5.451673E01, 0.000000E00
5.445523E01, 0.000000E00
5.439261E01, 0.000000E00
5.432886E01, 0.000000E00
5.426400E01, 0.000000E00
5.419803E01, 0.000000E00
5.413094E01, 0.000000E00
5.406274E01, 0.000000E00
5.399344E01, 0.000000E00
5.392304E01, 0.000000E00
5.385153E01, 0.000000E00
5.377893E01, 0.000000E00
5.370524E01, 0.000000E00
5.363046E01, 0.000000E00
5.355460E01, 0.000000E00
5.347766E01, 0.000000E00
5.339964E01, 0.000000E00
5.332054E01, 0.000000E00
5.324038E01, 0.000000E00
5.315916E01, 0.000000E00
5.307688E01, 0.000000E00
5.299354E01, 0.000000E00
5.290915E01, 0.000000E00
5.282372E01, 0.000000E00
5.273724E01, 0.000000E00
5.264973E01, 0.000000E00
5.256118E01, 0.000000E00
5.247161E01, 0.000000E00
5.238102E01, 0.000000E00
5.228941E01, 0.000000E00
5.219679E01, 0.000000E00
5.210316E01, 0.000000E00
5.200854E01, 0.000000E00
5.191291E01, 0.000000E00
5.181630E01, 0.000000E00
5.171870E01, 0.000000E00
5.162013E01, 0.000000E00
5.152058E01, 0.000000E00
5.142006E01, 0.000000E00
5.131858E01, 0.000000E00
5.121615E01, 0.000000E00
5.111276E01, 0.000000E00
5.100843E01, 0.000000E00
5.090317E01, 0.000000E00
5.079697E01, 0.000000E00
5.068985E01, 0.000000E00
5.058181E01, 0.000000E00
5.047285E01, 0.000000E00
5.036299E01, 0.000000E00
5.025223E01, 0.000000E00
5.014058E01, 0.000000E00
5.002804E01, 0.000000E00
4.991462E01, 0.000000E00
4.980033E01, 0.000000E00
4.968517E01, 0.000000E00
4.956915E01, 0.000000E00
4.945228E01, 0.000000E00
4.933456E01, 0.000000E00
4.921601E01, 0.000000E00
4.909662E01, 0.000000E00
4.897640E01, 0.000000E00
4.885537E01, 0.000000E00
4.873353E01, 0.000000E00
4.861089E01, 0.000000E00
4.848745E01, 0.000000E00
4.836322E01, 0.000000E00
4.823821E01, 0.000000E00
4.811242E01, 0.000000E00
4.798587E01, 0.000000E00
4.785856E01, 0.000000E00
4.773050E01, 0.000000E00
4.760169E01, 0.000000E00
4.747215E01, 0.000000E00
4.734188E01, 0.000000E00
4.721089E01, 0.000000E00
4.707918E01, 0.000000E00
4.694677E01, 0.000000E00
4.681366E01, 0.000000E00
4.667986E01, 0.000000E00
4.654538E01, 0.000000E00
4.641023E01, 0.000000E00
4.627441E01, 0.000000E00
4.613793E01, 0.000000E00
4.600080E01, 0.000000E00
4.586303E01, 0.000000E00
4.572462E01, 0.000000E00
4.558559E01, 0.000000E00
4.544594E01, 0.000000E00
4.530567E01, 0.000000E00
4.516481E01, 0.000000E00
4.502335E01, 0.000000E00
4.488131E01, 0.000000E00
4.473869E01, 0.000000E00
4.459550E01, 0.000000E00
4.445175E01, 0.000000E00
4.430744E01, 0.000000E00
4.416260E01, 0.000000E00
4.401721E01, 0.000000E00
4.387130E01, 0.000000E00
4.372486E01, 0.000000E00
4.357792E01, 0.000000E00
4.343047E01, 0.000000E00
4.328253E01, 0.000000E00
4.313410E01, 0.000000E00
4.298519E01, 0.000000E00
4.283581E01, 0.000000E00
4.268597E01, 0.000000E00
4.253568E01, 0.000000E00
4.238494E01, 0.000000E00
4.223377E01, 0.000000E00
4.208217E01, 0.000000E00
4.193015E01, 0.000000E00
4.177771E01, 0.000000E00
4.162488E01, 0.000000E00
4.147165E01, 0.000000E00
4.131803E01, 0.000000E00
4.116404E01, 0.000000E00
4.100968E01, 0.000000E00
4.085495E01, 0.000000E00
4.069988E01, 0.000000E00
4.054446E01, 0.000000E00
4.038870E01, 0.000000E00
4.023262E01, 0.000000E00
4.007622E01, 0.000000E00
3.991950E01, 0.000000E00
3.976249E01, 0.000000E00
3.960518E01, 0.000000E00
3.944758E01, 0.000000E00
3.928971E01, 0.000000E00
3.913157E01, 0.000000E00
3.897317E01, 0.000000E00
3.881451E01, 0.000000E00
3.865561E01, 0.000000E00
3.849648E01, 0.000000E00
3.833711E01, 0.000000E00
3.817753E01, 0.000000E00
3.801774E01, 0.000000E00
3.785774E01, 0.000000E00
3.769755E01, 0.000000E00
3.753717E01, 0.000000E00
3.737661E01, 0.000000E00
3.721588E01, 0.000000E00
3.705499E01, 0.000000E00
3.689394E01, 0.000000E00
3.673275E01, 0.000000E00
3.657142E01, 0.000000E00
3.640996E01, 0.000000E00
3.624837E01, 0.000000E00
3.608667E01, 0.000000E00
3.592487E01, 0.000000E00
3.576296E01, 0.000000E00
3.560097E01, 0.000000E00
3.543889E01, 0.000000E00
3.527673E01, 0.000000E00
3.511451E01, 0.000000E00
3.495223E01, 0.000000E00
3.478990E01, 0.000000E00
3.462752E01, 0.000000E00
3.446510E01, 0.000000E00
3.430266E01, 0.000000E00
3.414019E01, 0.000000E00
3.397771E01, 0.000000E00
3.381523E01, 0.000000E00
3.365274E01, 0.000000E00
3.349026E01, 0.000000E00
3.332780E01, 0.000000E00
3.316536E01, 0.000000E00
3.300296E01, 0.000000E00
3.284059E01, 0.000000E00
3.267826E01, 0.000000E00
3.251599E01, 0.000000E00
3.235377E01, 0.000000E00
3.219163E01, 0.000000E00
3.202955E01, 0.000000E00
3.186756E01, 0.000000E00
3.170566E01, 0.000000E00
3.154385E01, 0.000000E00
3.138214E01, 0.000000E00
3.122054E01, 0.000000E00
3.105906E01, 0.000000E00
3.089769E01, 0.000000E00
3.073646E01, 0.000000E00
3.057537E01, 0.000000E00
3.041441E01, 0.000000E00
3.025361E01, 0.000000E00
3.009296E01, 0.000000E00
2.993247E01, 0.000000E00
2.977215E01, 0.000000E00
2.961201E01, 0.000000E00
2.945205E01, 0.000000E00
2.929228E01, 0.000000E00
2.913270E01, 0.000000E00
2.897332E01, 0.000000E00
2.881415E01, 0.000000E00
2.865519E01, 0.000000E00
2.849645E01, 0.000000E00
2.833794E01, 0.000000E00
2.817966E01, 0.000000E00
2.802161E01, 0.000000E00
2.786381E01, 0.000000E00
2.770626E01, 0.000000E00
2.754896E01, 0.000000E00
2.739192E01, 0.000000E00
2.723515E01, 0.000000E00
2.707866E01, 0.000000E00
2.692244E01, 0.000000E00
2.676650E01, 0.000000E00
2.661085E01, 0.000000E00
2.645550E01, 0.000000E00
2.630044E01, 0.000000E00
2.614570E01, 0.000000E00
2.599126E01, 0.000000E00
2.583714E01, 0.000000E00
2.568333E01, 0.000000E00
2.552986E01, 0.000000E00
2.537672E01, 0.000000E00
2.522391E01, 0.000000E00
2.507144E01, 0.000000E00
2.491932E01, 0.000000E00
2.476755E01, 0.000000E00
2.461614E01, 0.000000E00
2.446509E01, 0.000000E00
2.431440E01, 0.000000E00
2.416409E01, 0.000000E00
2.401414E01, 0.000000E00
2.386458E01, 0.000000E00
2.371540E01, 0.000000E00
2.356661E01, 0.000000E00
2.341822E01, 0.000000E00
2.327022E01, 0.000000E00
2.312262E01, 0.000000E00
2.297543E01, 0.000000E00
2.282865E01, 0.000000E00
2.268228E01, 0.000000E00
2.253633E01, 0.000000E00
2.239080E01, 0.000000E00
2.224570E01, 0.000000E00
2.210102E01, 0.000000E00
2.195678E01, 0.000000E00
2.181298E01, 0.000000E00
2.166962E01, 0.000000E00
2.152671E01, 0.000000E00
2.138425E01, 0.000000E00
2.124223E01, 0.000000E00
2.110067E01, 0.000000E00
2.095958E01, 0.000000E00
2.081894E01, 0.000000E00
2.067877E01, 0.000000E00
2.053907E01, 0.000000E00
2.039985E01, 0.000000E00
2.026110E01, 0.000000E00
2.012282E01, 0.000000E00
1.998503E01, 0.000000E00
1.984773E01, 0.000000E00
1.971091E01, 0.000000E00
1.957459E01, 0.000000E00
1.943876E01, 0.000000E00
1.930342E01, 0.000000E00
1.916859E01, 0.000000E00
1.903425E01, 0.000000E00
1.890043E01, 0.000000E00
1.876711E01, 0.000000E00
1.863430E01, 0.000000E00
1.850200E01, 0.000000E00
1.837022E01, 0.000000E00
1.823895E01, 0.000000E00
1.810821E01, 0.000000E00
1.797798E01, 0.000000E00
1.784828E01, 0.000000E00
1.771911E01, 0.000000E00
1.759047E01, 0.000000E00
1.746236E01, 0.000000E00
1.733478E01, 0.000000E00
1.720773E01, 0.000000E00
1.708122E01, 0.000000E00
1.695525E01, 0.000000E00
1.682982E01, 0.000000E00
1.670493E01, 0.000000E00
1.658059E01, 0.000000E00
1.645679E01, 0.000000E00
1.633354E01, 0.000000E00
1.621084E01, 0.000000E00
1.608868E01, 0.000000E00
1.596708E01, 0.000000E00
1.584604E01, 0.000000E00
1.572554E01, 0.000000E00
1.560561E01, 0.000000E00
1.548623E01, 0.000000E00
1.536740E01, 0.000000E00
1.524914E01, 0.000000E00
1.513144E01, 0.000000E00
1.501430E01, 0.000000E00
1.489772E01, 0.000000E00
1.478171E01, 0.000000E00
1.466626E01, 0.000000E00
1.455138E01, 0.000000E00
1.443706E01, 0.000000E00
1.432331E01, 0.000000E00
1.421013E01, 0.000000E00
1.409752E01, 0.000000E00
1.398548E01, 0.000000E00
1.387400E01, 0.000000E00
1.376310E01, 0.000000E00
1.365277E01, 0.000000E00
1.354301E01, 0.000000E00
1.343382E01, 0.000000E00
1.332521E01, 0.000000E00
1.321717E01, 0.000000E00
1.310970E01, 0.000000E00
1.300280E01, 0.000000E00
1.289648E01, 0.000000E00
1.279073E01, 0.000000E00
1.268556E01, 0.000000E00
1.258096E01, 0.000000E00
1.247694E01, 0.000000E00
1.237349E01, 0.000000E00
1.227061E01, 0.000000E00
1.216831E01, 0.000000E00
1.206658E01, 0.000000E00
1.196543E01, 0.000000E00
1.186485E01, 0.000000E00
1.176485E01, 0.000000E00
1.166541E01, 0.000000E00
1.156655E01, 0.000000E00
1.146827E01, 0.000000E00
1.137056E01, 0.000000E00
1.127341E01, 0.000000E00
1.117684E01, 0.000000E00
1.108085E01, 0.000000E00
1.098542E01, 0.000000E00
1.089056E01, 0.000000E00
1.079628E01, 0.000000E00
1.070256E01, 0.000000E00
1.060941E01, 0.000000E00
1.051683E01, 0.000000E00
1.042481E01, 0.000000E00
1.033336E01, 0.000000E00
1.024248E01, 0.000000E00
1.015216E01, 0.000000E00
1.006241E01, 0.000000E00
9.973219E00, 0.000000E00
9.884591E00, 0.000000E00
9.796524E00, 0.000000E00
9.709018E00, 0.000000E00
9.622071E00, 0.000000E00
9.535682E00, 0.000000E00
##END=
