##TITLE= Q5
##JCAMP-DX= 5.00 Bruker JCAMP library
##DATA TYPE= Shape Data
##ORIGIN= Bruker BioSpin GmbH
##OWNER= <AV600WB>
##DATE= 2014/12/15
##TIME= 11:38:53
##$SHAPE_PARAMETERS= Type: GaussCascadeQ5
##MINX= 5.475309E-02
##MAXX= 9.911665E01
##MINY= 0.000000E00
##MAXY= 1.800000E02
##$SHAPE_EXMODE= Excitation
##$SHAPE_TOTROT= 9.000000E01
##$SHAPE_TYPE= Excitation
##$SHAPE_USER_DEF= 
##$SHAPE_REPHFAC= 
##$SHAPE_BWFAC= 6.182000E00
##$SHAPE_BWFAC50= 
##$SHAPE_INTEGFAC= 5.451885E-02
##$SHAPE_MODE= 0
##NPOINTS= 2000
##XYPOINTS= (XY..XY)
3.270285E00, 1.800000E02
3.312978E00, 1.800000E02
3.356094E00, 1.800000E02
3.399635E00, 1.800000E02
3.443603E00, 1.800000E02
3.488000E00, 1.800000E02
3.532829E00, 1.800000E02
3.578090E00, 1.800000E02
3.623787E00, 1.800000E02
3.669921E00, 1.800000E02
3.716493E00, 1.800000E02
3.763506E00, 1.800000E02
3.810962E00, 1.800000E02
3.858861E00, 1.800000E02
3.907207E00, 1.800000E02
3.956000E00, 1.800000E02
4.005243E00, 1.800000E02
4.054936E00, 1.800000E02
4.105082E00, 1.800000E02
4.155682E00, 1.800000E02
4.206738E00, 1.800000E02
4.258251E00, 1.800000E02
4.310222E00, 1.800000E02
4.362654E00, 1.800000E02
4.415547E00, 1.800000E02
4.468902E00, 1.800000E02
4.522722E00, 1.800000E02
4.577008E00, 1.800000E02
4.631760E00, 1.800000E02
4.686980E00, 1.800000E02
4.742668E00, 1.800000E02
4.798827E00, 1.800000E02
4.855457E00, 1.800000E02
4.912560E00, 1.800000E02
4.970135E00, 1.800000E02
5.028185E00, 1.800000E02
5.086709E00, 1.800000E02
5.145710E00, 1.800000E02
5.205187E00, 1.800000E02
5.265141E00, 1.800000E02
5.325574E00, 1.800000E02
5.386485E00, 1.800000E02
5.447876E00, 1.800000E02
5.509747E00, 1.800000E02
5.572098E00, 1.800000E02
5.634930E00, 1.800000E02
5.698243E00, 1.800000E02
5.762038E00, 1.800000E02
5.826315E00, 1.800000E02
5.891075E00, 1.800000E02
5.956316E00, 1.800000E02
6.022040E00, 1.800000E02
6.088247E00, 1.800000E02
6.154937E00, 1.800000E02
6.222109E00, 1.800000E02
6.289763E00, 1.800000E02
6.357900E00, 1.800000E02
6.426520E00, 1.800000E02
6.495621E00, 1.800000E02
6.565204E00, 1.800000E02
6.635268E00, 1.800000E02
6.705813E00, 1.800000E02
6.776838E00, 1.800000E02
6.848343E00, 1.800000E02
6.920327E00, 1.800000E02
6.992790E00, 1.800000E02
7.065730E00, 1.800000E02
7.139147E00, 1.800000E02
7.213041E00, 1.800000E02
7.287409E00, 1.800000E02
7.362252E00, 1.800000E02
7.437567E00, 1.800000E02
7.513355E00, 1.800000E02
7.589613E00, 1.800000E02
7.666341E00, 1.800000E02
7.743537E00, 1.800000E02
7.821200E00, 1.800000E02
7.899328E00, 1.800000E02
7.977920E00, 1.800000E02
8.056974E00, 1.800000E02
8.136489E00, 1.800000E02
8.216462E00, 1.800000E02
8.296893E00, 1.800000E02
8.377779E00, 1.800000E02
8.459118E00, 1.800000E02
8.540908E00, 1.800000E02
8.623148E00, 1.800000E02
8.705834E00, 1.800000E02
8.788966E00, 1.800000E02
8.872540E00, 1.800000E02
8.956554E00, 1.800000E02
9.041006E00, 1.800000E02
9.125893E00, 1.800000E02
9.211213E00, 1.800000E02
9.296963E00, 1.800000E02
9.383141E00, 1.800000E02
9.469743E00, 1.800000E02
9.556767E00, 1.800000E02
9.644210E00, 1.800000E02
9.732069E00, 1.800000E02
9.820341E00, 1.800000E02
9.909023E00, 1.800000E02
9.998111E00, 1.800000E02
1.008760E01, 1.800000E02
1.017749E01, 1.800000E02
1.026778E01, 1.800000E02
1.035846E01, 1.800000E02
1.044953E01, 1.800000E02
1.054099E01, 1.800000E02
1.063283E01, 1.800000E02
1.072505E01, 1.800000E02
1.081764E01, 1.800000E02
1.091060E01, 1.800000E02
1.100393E01, 1.800000E02
1.109763E01, 1.800000E02
1.119168E01, 1.800000E02
1.128608E01, 1.800000E02
1.138084E01, 1.800000E02
1.147594E01, 1.800000E02
1.157139E01, 1.800000E02
1.166717E01, 1.800000E02
1.176328E01, 1.800000E02
1.185973E01, 1.800000E02
1.195649E01, 1.800000E02
1.205358E01, 1.800000E02
1.215098E01, 1.800000E02
1.224869E01, 1.800000E02
1.234670E01, 1.800000E02
1.244501E01, 1.800000E02
1.254362E01, 1.800000E02
1.264252E01, 1.800000E02
1.274170E01, 1.800000E02
1.284116E01, 1.800000E02
1.294090E01, 1.800000E02
1.304090E01, 1.800000E02
1.314117E01, 1.800000E02
1.324170E01, 1.800000E02
1.334247E01, 1.800000E02
1.344350E01, 1.800000E02
1.354477E01, 1.800000E02
1.364627E01, 1.800000E02
1.374800E01, 1.800000E02
1.384996E01, 1.800000E02
1.395214E01, 1.800000E02
1.405453E01, 1.800000E02
1.415712E01, 1.800000E02
1.425992E01, 1.800000E02
1.436292E01, 1.800000E02
1.446610E01, 1.800000E02
1.456947E01, 1.800000E02
1.467301E01, 1.800000E02
1.477672E01, 1.800000E02
1.488060E01, 1.800000E02
1.498464E01, 1.800000E02
1.508884E01, 1.800000E02
1.519317E01, 1.800000E02
1.529765E01, 1.800000E02
1.540226E01, 1.800000E02
1.550700E01, 1.800000E02
1.561187E01, 1.800000E02
1.571684E01, 1.800000E02
1.582193E01, 1.800000E02
1.592711E01, 1.800000E02
1.603239E01, 1.800000E02
1.613776E01, 1.800000E02
1.624322E01, 1.800000E02
1.634875E01, 1.800000E02
1.645435E01, 1.800000E02
1.656001E01, 1.800000E02
1.666573E01, 1.800000E02
1.677150E01, 1.800000E02
1.687731E01, 1.800000E02
1.698315E01, 1.800000E02
1.708903E01, 1.800000E02
1.719493E01, 1.800000E02
1.730085E01, 1.800000E02
1.740678E01, 1.800000E02
1.751272E01, 1.800000E02
1.761865E01, 1.800000E02
1.772457E01, 1.800000E02
1.783047E01, 1.800000E02
1.793636E01, 1.800000E02
1.804221E01, 1.800000E02
1.814803E01, 1.800000E02
1.825380E01, 1.800000E02
1.835953E01, 1.800000E02
1.846520E01, 1.800000E02
1.857082E01, 1.800000E02
1.867636E01, 1.800000E02
1.878183E01, 1.800000E02
1.888722E01, 1.800000E02
1.899252E01, 1.800000E02
1.909774E01, 1.800000E02
1.920285E01, 1.800000E02
1.930785E01, 1.800000E02
1.941275E01, 1.800000E02
1.951752E01, 1.800000E02
1.962218E01, 1.800000E02
1.972670E01, 1.800000E02
1.983109E01, 1.800000E02
1.993534E01, 1.800000E02
2.003944E01, 1.800000E02
2.014338E01, 1.800000E02
2.024717E01, 1.800000E02
2.035080E01, 1.800000E02
2.045425E01, 1.800000E02
2.055753E01, 1.800000E02
2.066063E01, 1.800000E02
2.076354E01, 1.800000E02
2.086626E01, 1.800000E02
2.096878E01, 1.800000E02
2.107111E01, 1.800000E02
2.117322E01, 1.800000E02
2.127513E01, 1.800000E02
2.137682E01, 1.800000E02
2.147828E01, 1.800000E02
2.157953E01, 1.800000E02
2.168054E01, 1.800000E02
2.178131E01, 1.800000E02
2.188185E01, 1.800000E02
2.198215E01, 1.800000E02
2.208220E01, 1.800000E02
2.218199E01, 1.800000E02
2.228153E01, 1.800000E02
2.238082E01, 1.800000E02
2.247984E01, 1.800000E02
2.257859E01, 1.800000E02
2.267708E01, 1.800000E02
2.277530E01, 1.800000E02
2.287323E01, 1.800000E02
2.297089E01, 1.800000E02
2.306827E01, 1.800000E02
2.316537E01, 1.800000E02
2.326218E01, 1.800000E02
2.335870E01, 1.800000E02
2.345493E01, 1.800000E02
2.355086E01, 1.800000E02
2.364651E01, 1.800000E02
2.374185E01, 1.800000E02
2.383690E01, 1.800000E02
2.393164E01, 1.800000E02
2.402609E01, 1.800000E02
2.412024E01, 1.800000E02
2.421408E01, 1.800000E02
2.430762E01, 1.800000E02
2.440085E01, 1.800000E02
2.449378E01, 1.800000E02
2.458641E01, 1.800000E02
2.467873E01, 1.800000E02
2.477074E01, 1.800000E02
2.486246E01, 1.800000E02
2.495386E01, 1.800000E02
2.504497E01, 1.800000E02
2.513578E01, 1.800000E02
2.522628E01, 1.800000E02
2.531648E01, 1.800000E02
2.540639E01, 1.800000E02
2.549600E01, 1.800000E02
2.558532E01, 1.800000E02
2.567435E01, 1.800000E02
2.576309E01, 1.800000E02
2.585154E01, 1.800000E02
2.593970E01, 1.800000E02
2.602759E01, 1.800000E02
2.611520E01, 1.800000E02
2.620254E01, 1.800000E02
2.628960E01, 1.800000E02
2.637640E01, 1.800000E02
2.646294E01, 1.800000E02
2.654922E01, 1.800000E02
2.663525E01, 1.800000E02
2.672103E01, 1.800000E02
2.680657E01, 1.800000E02
2.689187E01, 1.800000E02
2.697694E01, 1.800000E02
2.706178E01, 1.800000E02
2.714641E01, 1.800000E02
2.723082E01, 1.800000E02
2.731502E01, 1.800000E02
2.739903E01, 1.800000E02
2.748284E01, 1.800000E02
2.756647E01, 1.800000E02
2.764992E01, 1.800000E02
2.773320E01, 1.800000E02
2.781632E01, 1.800000E02
2.789928E01, 1.800000E02
2.798210E01, 1.800000E02
2.806479E01, 1.800000E02
2.814734E01, 1.800000E02
2.822978E01, 1.800000E02
2.831211E01, 1.800000E02
2.839435E01, 1.800000E02
2.847649E01, 1.800000E02
2.855856E01, 1.800000E02
2.864056E01, 1.800000E02
2.872251E01, 1.800000E02
2.880441E01, 1.800000E02
2.888628E01, 1.800000E02
2.896812E01, 1.800000E02
2.904996E01, 1.800000E02
2.913180E01, 1.800000E02
2.921365E01, 1.800000E02
2.929553E01, 1.800000E02
2.937745E01, 1.800000E02
2.945942E01, 1.800000E02
2.954146E01, 1.800000E02
2.962358E01, 1.800000E02
2.970579E01, 1.800000E02
2.978811E01, 1.800000E02
2.987056E01, 1.800000E02
2.995314E01, 1.800000E02
3.003587E01, 1.800000E02
3.011877E01, 1.800000E02
3.020185E01, 1.800000E02
3.028513E01, 1.800000E02
3.036863E01, 1.800000E02
3.045235E01, 1.800000E02
3.053632E01, 1.800000E02
3.062055E01, 1.800000E02
3.070506E01, 1.800000E02
3.078987E01, 1.800000E02
3.087499E01, 1.800000E02
3.096044E01, 1.800000E02
3.104624E01, 1.800000E02
3.113240E01, 1.800000E02
3.121895E01, 1.800000E02
3.130589E01, 1.800000E02
3.139326E01, 1.800000E02
3.148106E01, 1.800000E02
3.156933E01, 1.800000E02
3.165806E01, 1.800000E02
3.174730E01, 1.800000E02
3.183704E01, 1.800000E02
3.192732E01, 1.800000E02
3.201815E01, 1.800000E02
3.210955E01, 1.800000E02
3.220155E01, 1.800000E02
3.229416E01, 1.800000E02
3.238740E01, 1.800000E02
3.248129E01, 1.800000E02
3.257586E01, 1.800000E02
3.267112E01, 1.800000E02
3.276709E01, 1.800000E02
3.286380E01, 1.800000E02
3.296126E01, 1.800000E02
3.305950E01, 1.800000E02
3.315854E01, 1.800000E02
3.325839E01, 1.800000E02
3.335909E01, 1.800000E02
3.346065E01, 1.800000E02
3.356309E01, 1.800000E02
3.366643E01, 1.800000E02
3.377071E01, 1.800000E02
3.387592E01, 1.800000E02
3.398211E01, 1.800000E02
3.408929E01, 1.800000E02
3.419748E01, 1.800000E02
3.430670E01, 1.800000E02
3.441698E01, 1.800000E02
3.452834E01, 1.800000E02
3.464079E01, 1.800000E02
3.475437E01, 1.800000E02
3.486908E01, 1.800000E02
3.498497E01, 1.800000E02
3.510204E01, 1.800000E02
3.522031E01, 1.800000E02
3.533981E01, 1.800000E02
3.546057E01, 1.800000E02
3.558259E01, 1.800000E02
3.570591E01, 1.800000E02
3.583055E01, 1.800000E02
3.595651E01, 1.800000E02
3.608384E01, 1.800000E02
3.621254E01, 1.800000E02
3.634264E01, 1.800000E02
3.647416E01, 1.800000E02
3.660712E01, 1.800000E02
3.674153E01, 1.800000E02
3.687743E01, 1.800000E02
3.701483E01, 1.800000E02
3.715375E01, 1.800000E02
3.729421E01, 1.800000E02
3.743622E01, 1.800000E02
3.757982E01, 1.800000E02
3.772501E01, 1.800000E02
3.787182E01, 1.800000E02
3.802026E01, 1.800000E02
3.817036E01, 1.800000E02
3.832213E01, 1.800000E02
3.847558E01, 1.800000E02
3.863075E01, 1.800000E02
3.878764E01, 1.800000E02
3.894627E01, 1.800000E02
3.910665E01, 1.800000E02
3.926882E01, 1.800000E02
3.943277E01, 1.800000E02
3.959853E01, 1.800000E02
3.976611E01, 1.800000E02
3.993552E01, 1.800000E02
4.010679E01, 1.800000E02
4.027992E01, 1.800000E02
4.045493E01, 1.800000E02
4.063183E01, 1.800000E02
4.081064E01, 1.800000E02
4.099137E01, 1.800000E02
4.117403E01, 1.800000E02
4.135863E01, 1.800000E02
4.154518E01, 1.800000E02
4.173370E01, 1.800000E02
4.192419E01, 1.800000E02
4.211667E01, 1.800000E02
4.231114E01, 1.800000E02
4.250762E01, 1.800000E02
4.270610E01, 1.800000E02
4.290661E01, 1.800000E02
4.310914E01, 1.800000E02
4.331371E01, 1.800000E02
4.352032E01, 1.800000E02
4.372897E01, 1.800000E02
4.393968E01, 1.800000E02
4.415244E01, 1.800000E02
4.436726E01, 1.800000E02
4.458415E01, 1.800000E02
4.480310E01, 1.800000E02
4.502412E01, 1.800000E02
4.524721E01, 1.800000E02
4.547238E01, 1.800000E02
4.569961E01, 1.800000E02
4.592892E01, 1.800000E02
4.616030E01, 1.800000E02
4.639374E01, 1.800000E02
4.662926E01, 1.800000E02
4.686684E01, 1.800000E02
4.710648E01, 1.800000E02
4.734818E01, 1.800000E02
4.759192E01, 1.800000E02
4.783772E01, 1.800000E02
4.808556E01, 1.800000E02
4.833543E01, 1.800000E02
4.858732E01, 1.800000E02
4.884124E01, 1.800000E02
4.909716E01, 1.800000E02
4.935508E01, 1.800000E02
4.961499E01, 1.800000E02
4.987687E01, 1.800000E02
5.014072E01, 1.800000E02
5.040652E01, 1.800000E02
5.067426E01, 1.800000E02
5.094392E01, 1.800000E02
5.121550E01, 1.800000E02
5.148896E01, 1.800000E02
5.176431E01, 1.800000E02
5.204151E01, 1.800000E02
5.232055E01, 1.800000E02
5.260142E01, 1.800000E02
5.288409E01, 1.800000E02
5.316854E01, 1.800000E02
5.345476E01, 1.800000E02
5.374271E01, 1.800000E02
5.403238E01, 1.800000E02
5.432374E01, 1.800000E02
5.461677E01, 1.800000E02
5.491145E01, 1.800000E02
5.520774E01, 1.800000E02
5.550563E01, 1.800000E02
5.580508E01, 1.800000E02
5.610606E01, 1.800000E02
5.640855E01, 1.800000E02
5.671252E01, 1.800000E02
5.701794E01, 1.800000E02
5.732477E01, 1.800000E02
5.763298E01, 1.800000E02
5.794255E01, 1.800000E02
5.825343E01, 1.800000E02
5.856559E01, 1.800000E02
5.887900E01, 1.800000E02
5.919363E01, 1.800000E02
5.950942E01, 1.800000E02
5.982636E01, 1.800000E02
6.014439E01, 1.800000E02
6.046349E01, 1.800000E02
6.078361E01, 1.800000E02
6.110471E01, 1.800000E02
6.142675E01, 1.800000E02
6.174968E01, 1.800000E02
6.207348E01, 1.800000E02
6.239808E01, 1.800000E02
6.272346E01, 1.800000E02
6.304956E01, 1.800000E02
6.337634E01, 1.800000E02
6.370376E01, 1.800000E02
6.403176E01, 1.800000E02
6.436031E01, 1.800000E02
6.468935E01, 1.800000E02
6.501883E01, 1.800000E02
6.534871E01, 1.800000E02
6.567894E01, 1.800000E02
6.600946E01, 1.800000E02
6.634023E01, 1.800000E02
6.667119E01, 1.800000E02
6.700230E01, 1.800000E02
6.733349E01, 1.800000E02
6.766473E01, 1.800000E02
6.799595E01, 1.800000E02
6.832710E01, 1.800000E02
6.865812E01, 1.800000E02
6.898897E01, 1.800000E02
6.931958E01, 1.800000E02
6.964991E01, 1.800000E02
6.997988E01, 1.800000E02
7.030946E01, 1.800000E02
7.063857E01, 1.800000E02
7.096717E01, 1.800000E02
7.129519E01, 1.800000E02
7.162258E01, 1.800000E02
7.194927E01, 1.800000E02
7.227522E01, 1.800000E02
7.260035E01, 1.800000E02
7.292462E01, 1.800000E02
7.324795E01, 1.800000E02
7.357030E01, 1.800000E02
7.389160E01, 1.800000E02
7.421178E01, 1.800000E02
7.453080E01, 1.800000E02
7.484858E01, 1.800000E02
7.516506E01, 1.800000E02
7.548020E01, 1.800000E02
7.579391E01, 1.800000E02
7.610615E01, 1.800000E02
7.641684E01, 1.800000E02
7.672594E01, 1.800000E02
7.703337E01, 1.800000E02
7.733907E01, 1.800000E02
7.764299E01, 1.800000E02
7.794505E01, 1.800000E02
7.824520E01, 1.800000E02
7.854338E01, 1.800000E02
7.883952E01, 1.800000E02
7.913356E01, 1.800000E02
7.942543E01, 1.800000E02
7.971509E01, 1.800000E02
8.000246E01, 1.800000E02
8.028748E01, 1.800000E02
8.057009E01, 1.800000E02
8.085024E01, 1.800000E02
8.112785E01, 1.800000E02
8.140287E01, 1.800000E02
8.167523E01, 1.800000E02
8.194488E01, 1.800000E02
8.221176E01, 1.800000E02
8.247580E01, 1.800000E02
8.273694E01, 1.800000E02
8.299514E01, 1.800000E02
8.325031E01, 1.800000E02
8.350242E01, 1.800000E02
8.375139E01, 1.800000E02
8.399718E01, 1.800000E02
8.423971E01, 1.800000E02
8.447894E01, 1.800000E02
8.471481E01, 1.800000E02
8.494726E01, 1.800000E02
8.517624E01, 1.800000E02
8.540169E01, 1.800000E02
8.562355E01, 1.800000E02
8.584177E01, 1.800000E02
8.605629E01, 1.800000E02
8.626707E01, 1.800000E02
8.647405E01, 1.800000E02
8.667718E01, 1.800000E02
8.687639E01, 1.800000E02
8.707166E01, 1.800000E02
8.726291E01, 1.800000E02
8.745011E01, 1.800000E02
8.763320E01, 1.800000E02
8.781214E01, 1.800000E02
8.798688E01, 1.800000E02
8.815736E01, 1.800000E02
8.832355E01, 1.800000E02
8.848539E01, 1.800000E02
8.864284E01, 1.800000E02
8.879587E01, 1.800000E02
8.894441E01, 1.800000E02
8.908844E01, 1.800000E02
8.922791E01, 1.800000E02
8.936277E01, 1.800000E02
8.949299E01, 1.800000E02
8.961853E01, 1.800000E02
8.973934E01, 1.800000E02
8.985540E01, 1.800000E02
8.996666E01, 1.800000E02
9.007308E01, 1.800000E02
9.017464E01, 1.800000E02
9.027129E01, 1.800000E02
9.036301E01, 1.800000E02
9.044975E01, 1.800000E02
9.053150E01, 1.800000E02
9.060821E01, 1.800000E02
9.067986E01, 1.800000E02
9.074641E01, 1.800000E02
9.080785E01, 1.800000E02
9.086414E01, 1.800000E02
9.091525E01, 1.800000E02
9.096116E01, 1.800000E02
9.100185E01, 1.800000E02
9.103729E01, 1.800000E02
9.106747E01, 1.800000E02
9.109234E01, 1.800000E02
9.111191E01, 1.800000E02
9.112614E01, 1.800000E02
9.113503E01, 1.800000E02
9.113854E01, 1.800000E02
9.113667E01, 1.800000E02
9.112939E01, 1.800000E02
9.111670E01, 1.800000E02
9.109858E01, 1.800000E02
9.107502E01, 1.800000E02
9.104600E01, 1.800000E02
9.101151E01, 1.800000E02
9.097154E01, 1.800000E02
9.092609E01, 1.800000E02
9.087515E01, 1.800000E02
9.081871E01, 1.800000E02
9.075675E01, 1.800000E02
9.068929E01, 1.800000E02
9.061631E01, 1.800000E02
9.053781E01, 1.800000E02
9.045378E01, 1.800000E02
9.036423E01, 1.800000E02
9.026916E01, 1.800000E02
9.016856E01, 1.800000E02
9.006244E01, 1.800000E02
8.995079E01, 1.800000E02
8.983363E01, 1.800000E02
8.971096E01, 1.800000E02
8.958277E01, 1.800000E02
8.944909E01, 1.800000E02
8.930990E01, 1.800000E02
8.916523E01, 1.800000E02
8.901507E01, 1.800000E02
8.885944E01, 1.800000E02
8.869836E01, 1.800000E02
8.853181E01, 1.800000E02
8.835983E01, 1.800000E02
8.818243E01, 1.800000E02
8.799960E01, 1.800000E02
8.781138E01, 1.800000E02
8.761778E01, 1.800000E02
8.741880E01, 1.800000E02
8.721447E01, 1.800000E02
8.700480E01, 1.800000E02
8.678982E01, 1.800000E02
8.656953E01, 1.800000E02
8.634396E01, 1.800000E02
8.611313E01, 1.800000E02
8.587706E01, 1.800000E02
8.563577E01, 1.800000E02
8.538928E01, 1.800000E02
8.513762E01, 1.800000E02
8.488080E01, 1.800000E02
8.461886E01, 1.800000E02
8.435180E01, 1.800000E02
8.407967E01, 1.800000E02
8.380248E01, 1.800000E02
8.352027E01, 1.800000E02
8.323305E01, 1.800000E02
8.294085E01, 1.800000E02
8.264370E01, 1.800000E02
8.234164E01, 1.800000E02
8.203468E01, 1.800000E02
8.172285E01, 1.800000E02
8.140619E01, 1.800000E02
8.108473E01, 1.800000E02
8.075848E01, 1.800000E02
8.042750E01, 1.800000E02
8.009180E01, 1.800000E02
7.975141E01, 1.800000E02
7.940637E01, 1.800000E02
7.905671E01, 1.800000E02
7.870246E01, 1.800000E02
7.834366E01, 1.800000E02
7.798033E01, 1.800000E02
7.761251E01, 1.800000E02
7.724023E01, 1.800000E02
7.686352E01, 1.800000E02
7.648242E01, 1.800000E02
7.609696E01, 1.800000E02
7.570718E01, 1.800000E02
7.531311E01, 1.800000E02
7.491478E01, 1.800000E02
7.451223E01, 1.800000E02
7.410549E01, 1.800000E02
7.369459E01, 1.800000E02
7.327958E01, 1.800000E02
7.286048E01, 1.800000E02
7.243733E01, 1.800000E02
7.201016E01, 1.800000E02
7.157902E01, 1.800000E02
7.114392E01, 1.800000E02
7.070492E01, 1.800000E02
7.026203E01, 1.800000E02
6.981530E01, 1.800000E02
6.936477E01, 1.800000E02
6.891046E01, 1.800000E02
6.845241E01, 1.800000E02
6.799065E01, 1.800000E02
6.752523E01, 1.800000E02
6.705617E01, 1.800000E02
6.658350E01, 1.800000E02
6.610726E01, 1.800000E02
6.562749E01, 1.800000E02
6.514422E01, 1.800000E02
6.465748E01, 1.800000E02
6.416730E01, 1.800000E02
6.367372E01, 1.800000E02
6.317678E01, 1.800000E02
6.267649E01, 1.800000E02
6.217290E01, 1.800000E02
6.166604E01, 1.800000E02
6.115594E01, 1.800000E02
6.064263E01, 1.800000E02
6.012614E01, 1.800000E02
5.960651E01, 1.800000E02
5.908376E01, 1.800000E02
5.855793E01, 1.800000E02
5.802905E01, 1.800000E02
5.749714E01, 1.800000E02
5.696224E01, 1.800000E02
5.642438E01, 1.800000E02
5.588358E01, 1.800000E02
5.533988E01, 1.800000E02
5.479330E01, 1.800000E02
5.424387E01, 1.800000E02
5.369163E01, 1.800000E02
5.313659E01, 1.800000E02
5.257879E01, 1.800000E02
5.201825E01, 1.800000E02
5.145500E01, 1.800000E02
5.088907E01, 1.800000E02
5.032049E01, 1.800000E02
4.974927E01, 1.800000E02
4.917545E01, 1.800000E02
4.859904E01, 1.800000E02
4.802009E01, 1.800000E02
4.743860E01, 1.800000E02
4.685461E01, 1.800000E02
4.626814E01, 1.800000E02
4.567921E01, 1.800000E02
4.508785E01, 1.800000E02
4.449408E01, 1.800000E02
4.389792E01, 1.800000E02
4.329940E01, 1.800000E02
4.269854E01, 1.800000E02
4.209535E01, 1.800000E02
4.148987E01, 1.800000E02
4.088212E01, 1.800000E02
4.027211E01, 1.800000E02
3.965986E01, 1.800000E02
3.904541E01, 1.800000E02
3.842876E01, 1.800000E02
3.780994E01, 1.800000E02
3.718897E01, 1.800000E02
3.656588E01, 1.800000E02
3.594067E01, 1.800000E02
3.531337E01, 1.800000E02
3.468399E01, 1.800000E02
3.405257E01, 1.800000E02
3.341911E01, 1.800000E02
3.278364E01, 1.800000E02
3.214617E01, 1.800000E02
3.150673E01, 1.800000E02
3.086532E01, 1.800000E02
3.022198E01, 1.800000E02
2.957672E01, 1.800000E02
2.892955E01, 1.800000E02
2.828050E01, 1.800000E02
2.762958E01, 1.800000E02
2.697681E01, 1.800000E02
2.632221E01, 1.800000E02
2.566580E01, 1.800000E02
2.500760E01, 1.800000E02
2.434761E01, 1.800000E02
2.368587E01, 1.800000E02
2.302239E01, 1.800000E02
2.235718E01, 1.800000E02
2.169027E01, 1.800000E02
2.102168E01, 1.800000E02
2.035141E01, 1.800000E02
1.967950E01, 1.800000E02
1.900595E01, 1.800000E02
1.833080E01, 1.800000E02
1.765404E01, 1.800000E02
1.697572E01, 1.800000E02
1.629583E01, 1.800000E02
1.561441E01, 1.800000E02
1.493148E01, 1.800000E02
1.424704E01, 1.800000E02
1.356113E01, 1.800000E02
1.287375E01, 1.800000E02
1.218495E01, 1.800000E02
1.149472E01, 1.800000E02
1.080310E01, 1.800000E02
1.011010E01, 1.800000E02
9.415752E00, 1.800000E02
8.720072E00, 1.800000E02
8.023082E00, 1.800000E02
7.324806E00, 1.800000E02
6.625267E00, 1.800000E02
5.924487E00, 1.800000E02
5.222492E00, 1.800000E02
4.519304E00, 1.800000E02
3.814948E00, 1.800000E02
3.109450E00, 1.800000E02
2.402835E00, 1.800000E02
1.695129E00, 1.800000E02
9.863588E-01, 1.800000E02
2.765508E-01, 1.800000E02
4.342673E-01, 0.000000E00
1.146067E00, 0.000000E00
1.858821E00, 0.000000E00
2.572499E00, 0.000000E00
3.287072E00, 0.000000E00
4.002509E00, 0.000000E00
4.718780E00, 0.000000E00
5.435853E00, 0.000000E00
6.153697E00, 0.000000E00
6.872277E00, 0.000000E00
7.591563E00, 0.000000E00
8.311518E00, 0.000000E00
9.032109E00, 0.000000E00
9.753301E00, 0.000000E00
1.047506E01, 0.000000E00
1.119734E01, 0.000000E00
1.192012E01, 0.000000E00
1.264335E01, 0.000000E00
1.336699E01, 0.000000E00
1.409100E01, 0.000000E00
1.481536E01, 0.000000E00
1.554000E01, 0.000000E00
1.626490E01, 0.000000E00
1.699001E01, 0.000000E00
1.771528E01, 0.000000E00
1.844068E01, 0.000000E00
1.916615E01, 0.000000E00
1.989166E01, 0.000000E00
2.061716E01, 0.000000E00
2.134260E01, 0.000000E00
2.206793E01, 0.000000E00
2.279310E01, 0.000000E00
2.351807E01, 0.000000E00
2.424279E01, 0.000000E00
2.496720E01, 0.000000E00
2.569125E01, 0.000000E00
2.641489E01, 0.000000E00
2.713808E01, 0.000000E00
2.786074E01, 0.000000E00
2.858284E01, 0.000000E00
2.930431E01, 0.000000E00
3.002510E01, 0.000000E00
3.074516E01, 0.000000E00
3.146441E01, 0.000000E00
3.218281E01, 0.000000E00
3.290030E01, 0.000000E00
3.361682E01, 0.000000E00
3.433230E01, 0.000000E00
3.504668E01, 0.000000E00
3.575991E01, 0.000000E00
3.647192E01, 0.000000E00
3.718264E01, 0.000000E00
3.789202E01, 0.000000E00
3.859999E01, 0.000000E00
3.930647E01, 0.000000E00
4.001141E01, 0.000000E00
4.071474E01, 0.000000E00
4.141639E01, 0.000000E00
4.211630E01, 0.000000E00
4.281438E01, 0.000000E00
4.351058E01, 0.000000E00
4.420483E01, 0.000000E00
4.489705E01, 0.000000E00
4.558717E01, 0.000000E00
4.627511E01, 0.000000E00
4.696082E01, 0.000000E00
4.764421E01, 0.000000E00
4.832521E01, 0.000000E00
4.900375E01, 0.000000E00
4.967975E01, 0.000000E00
5.035313E01, 0.000000E00
5.102383E01, 0.000000E00
5.169176E01, 0.000000E00
5.235685E01, 0.000000E00
5.301903E01, 0.000000E00
5.367820E01, 0.000000E00
5.433431E01, 0.000000E00
5.498726E01, 0.000000E00
5.563699E01, 0.000000E00
5.628340E01, 0.000000E00
5.692643E01, 0.000000E00
5.756599E01, 0.000000E00
5.820201E01, 0.000000E00
5.883440E01, 0.000000E00
5.946309E01, 0.000000E00
6.008799E01, 0.000000E00
6.070902E01, 0.000000E00
6.132611E01, 0.000000E00
6.193917E01, 0.000000E00
6.254813E01, 0.000000E00
6.315289E01, 0.000000E00
6.375339E01, 0.000000E00
6.434954E01, 0.000000E00
6.494125E01, 0.000000E00
6.552846E01, 0.000000E00
6.611107E01, 0.000000E00
6.668901E01, 0.000000E00
6.726220E01, 0.000000E00
6.783055E01, 0.000000E00
6.839399E01, 0.000000E00
6.895243E01, 0.000000E00
6.950580E01, 0.000000E00
7.005402E01, 0.000000E00
7.059700E01, 0.000000E00
7.113467E01, 0.000000E00
7.166695E01, 0.000000E00
7.219376E01, 0.000000E00
7.271502E01, 0.000000E00
7.323066E01, 0.000000E00
7.374059E01, 0.000000E00
7.424474E01, 0.000000E00
7.474303E01, 0.000000E00
7.523540E01, 0.000000E00
7.572175E01, 0.000000E00
7.620202E01, 0.000000E00
7.667613E01, 0.000000E00
7.714402E01, 0.000000E00
7.760559E01, 0.000000E00
7.806080E01, 0.000000E00
7.850955E01, 0.000000E00
7.895178E01, 0.000000E00
7.938743E01, 0.000000E00
7.981641E01, 0.000000E00
8.023867E01, 0.000000E00
8.065413E01, 0.000000E00
8.106272E01, 0.000000E00
8.146439E01, 0.000000E00
8.185906E01, 0.000000E00
8.224668E01, 0.000000E00
8.262717E01, 0.000000E00
8.300047E01, 0.000000E00
8.336653E01, 0.000000E00
8.372528E01, 0.000000E00
8.407666E01, 0.000000E00
8.442061E01, 0.000000E00
8.475709E01, 0.000000E00
8.508602E01, 0.000000E00
8.540736E01, 0.000000E00
8.572105E01, 0.000000E00
8.602704E01, 0.000000E00
8.632528E01, 0.000000E00
8.661571E01, 0.000000E00
8.689829E01, 0.000000E00
8.717297E01, 0.000000E00
8.743971E01, 0.000000E00
8.769845E01, 0.000000E00
8.794915E01, 0.000000E00
8.819178E01, 0.000000E00
8.842628E01, 0.000000E00
8.865262E01, 0.000000E00
8.887077E01, 0.000000E00
8.908068E01, 0.000000E00
8.928232E01, 0.000000E00
8.947565E01, 0.000000E00
8.966064E01, 0.000000E00
8.983726E01, 0.000000E00
9.000549E01, 0.000000E00
9.016528E01, 0.000000E00
9.031662E01, 0.000000E00
9.045948E01, 0.000000E00
9.059383E01, 0.000000E00
9.071966E01, 0.000000E00
9.083694E01, 0.000000E00
9.094566E01, 0.000000E00
9.104579E01, 0.000000E00
9.113733E01, 0.000000E00
9.122025E01, 0.000000E00
9.129454E01, 0.000000E00
9.136020E01, 0.000000E00
9.141721E01, 0.000000E00
9.146557E01, 0.000000E00
9.150527E01, 0.000000E00
9.153631E01, 0.000000E00
9.155868E01, 0.000000E00
9.157238E01, 0.000000E00
9.157741E01, 0.000000E00
9.157378E01, 0.000000E00
9.156149E01, 0.000000E00
9.154054E01, 0.000000E00
9.151095E01, 0.000000E00
9.147271E01, 0.000000E00
9.142585E01, 0.000000E00
9.137038E01, 0.000000E00
9.130630E01, 0.000000E00
9.123364E01, 0.000000E00
9.115241E01, 0.000000E00
9.106263E01, 0.000000E00
9.096432E01, 0.000000E00
9.085751E01, 0.000000E00
9.074222E01, 0.000000E00
9.061847E01, 0.000000E00
9.048629E01, 0.000000E00
9.034572E01, 0.000000E00
9.019678E01, 0.000000E00
9.003950E01, 0.000000E00
8.987393E01, 0.000000E00
8.970009E01, 0.000000E00
8.951802E01, 0.000000E00
8.932776E01, 0.000000E00
8.912935E01, 0.000000E00
8.892284E01, 0.000000E00
8.870826E01, 0.000000E00
8.848567E01, 0.000000E00
8.825511E01, 0.000000E00
8.801663E01, 0.000000E00
8.777027E01, 0.000000E00
8.751610E01, 0.000000E00
8.725415E01, 0.000000E00
8.698450E01, 0.000000E00
8.670718E01, 0.000000E00
8.642227E01, 0.000000E00
8.612982E01, 0.000000E00
8.582988E01, 0.000000E00
8.552253E01, 0.000000E00
8.520782E01, 0.000000E00
8.488582E01, 0.000000E00
8.455659E01, 0.000000E00
8.422020E01, 0.000000E00
8.387672E01, 0.000000E00
8.352622E01, 0.000000E00
8.316877E01, 0.000000E00
8.280444E01, 0.000000E00
8.243331E01, 0.000000E00
8.205544E01, 0.000000E00
8.167093E01, 0.000000E00
8.127983E01, 0.000000E00
8.088223E01, 0.000000E00
8.047821E01, 0.000000E00
8.006786E01, 0.000000E00
7.965124E01, 0.000000E00
7.922844E01, 0.000000E00
7.879956E01, 0.000000E00
7.836466E01, 0.000000E00
7.792384E01, 0.000000E00
7.747718E01, 0.000000E00
7.702477E01, 0.000000E00
7.656670E01, 0.000000E00
7.610305E01, 0.000000E00
7.563392E01, 0.000000E00
7.515940E01, 0.000000E00
7.467957E01, 0.000000E00
7.419454E01, 0.000000E00
7.370438E01, 0.000000E00
7.320921E01, 0.000000E00
7.270910E01, 0.000000E00
7.220416E01, 0.000000E00
7.169448E01, 0.000000E00
7.118016E01, 0.000000E00
7.066129E01, 0.000000E00
7.013797E01, 0.000000E00
6.961030E01, 0.000000E00
6.907838E01, 0.000000E00
6.854230E01, 0.000000E00
6.800217E01, 0.000000E00
6.745808E01, 0.000000E00
6.691013E01, 0.000000E00
6.635843E01, 0.000000E00
6.580307E01, 0.000000E00
6.524415E01, 0.000000E00
6.468178E01, 0.000000E00
6.411606E01, 0.000000E00
6.354709E01, 0.000000E00
6.297497E01, 0.000000E00
6.239980E01, 0.000000E00
6.182168E01, 0.000000E00
6.124072E01, 0.000000E00
6.065701E01, 0.000000E00
6.007067E01, 0.000000E00
5.948179E01, 0.000000E00
5.889047E01, 0.000000E00
5.829682E01, 0.000000E00
5.770093E01, 0.000000E00
5.710292E01, 0.000000E00
5.650288E01, 0.000000E00
5.590091E01, 0.000000E00
5.529711E01, 0.000000E00
5.469159E01, 0.000000E00
5.408445E01, 0.000000E00
5.347578E01, 0.000000E00
5.286569E01, 0.000000E00
5.225428E01, 0.000000E00
5.164165E01, 0.000000E00
5.102789E01, 0.000000E00
5.041311E01, 0.000000E00
4.979741E01, 0.000000E00
4.918087E01, 0.000000E00
4.856361E01, 0.000000E00
4.794572E01, 0.000000E00
4.732729E01, 0.000000E00
4.670842E01, 0.000000E00
4.608921E01, 0.000000E00
4.546975E01, 0.000000E00
4.485014E01, 0.000000E00
4.423047E01, 0.000000E00
4.361083E01, 0.000000E00
4.299132E01, 0.000000E00
4.237202E01, 0.000000E00
4.175304E01, 0.000000E00
4.113446E01, 0.000000E00
4.051637E01, 0.000000E00
3.989887E01, 0.000000E00
3.928203E01, 0.000000E00
3.866594E01, 0.000000E00
3.805070E01, 0.000000E00
3.743639E01, 0.000000E00
3.682310E01, 0.000000E00
3.621090E01, 0.000000E00
3.559989E01, 0.000000E00
3.499015E01, 0.000000E00
3.438175E01, 0.000000E00
3.377478E01, 0.000000E00
3.316932E01, 0.000000E00
3.256545E01, 0.000000E00
3.196324E01, 0.000000E00
3.136278E01, 0.000000E00
3.076414E01, 0.000000E00
3.016740E01, 0.000000E00
2.957262E01, 0.000000E00
2.897989E01, 0.000000E00
2.838927E01, 0.000000E00
2.780084E01, 0.000000E00
2.721467E01, 0.000000E00
2.663082E01, 0.000000E00
2.604937E01, 0.000000E00
2.547039E01, 0.000000E00
2.489393E01, 0.000000E00
2.432006E01, 0.000000E00
2.374885E01, 0.000000E00
2.318037E01, 0.000000E00
2.261466E01, 0.000000E00
2.205180E01, 0.000000E00
2.149184E01, 0.000000E00
2.093485E01, 0.000000E00
2.038087E01, 0.000000E00
1.982998E01, 0.000000E00
1.928221E01, 0.000000E00
1.873763E01, 0.000000E00
1.819628E01, 0.000000E00
1.765823E01, 0.000000E00
1.712352E01, 0.000000E00
1.659221E01, 0.000000E00
1.606433E01, 0.000000E00
1.553994E01, 0.000000E00
1.501909E01, 0.000000E00
1.450182E01, 0.000000E00
1.398817E01, 0.000000E00
1.347819E01, 0.000000E00
1.297192E01, 0.000000E00
1.246940E01, 0.000000E00
1.197068E01, 0.000000E00
1.147578E01, 0.000000E00
1.098475E01, 0.000000E00
1.049763E01, 0.000000E00
1.001444E01, 0.000000E00
9.535231E00, 0.000000E00
9.060028E00, 0.000000E00
8.588866E00, 0.000000E00
8.121775E00, 0.000000E00
7.658786E00, 0.000000E00
7.199928E00, 0.000000E00
6.745229E00, 0.000000E00
6.294717E00, 0.000000E00
5.848416E00, 0.000000E00
5.406354E00, 0.000000E00
4.968552E00, 0.000000E00
4.535036E00, 0.000000E00
4.105826E00, 0.000000E00
3.680944E00, 0.000000E00
3.260409E00, 0.000000E00
2.844242E00, 0.000000E00
2.432460E00, 0.000000E00
2.025080E00, 0.000000E00
1.622118E00, 0.000000E00
1.223591E00, 0.000000E00
8.295122E-01, 0.000000E00
4.398953E-01, 0.000000E00
5.475309E-02, 0.000000E00
3.259028E-01, 1.800000E02
7.020614E-01, 1.800000E02
1.073713E00, 1.800000E02
1.440848E00, 1.800000E02
1.803458E00, 1.800000E02
2.161536E00, 1.800000E02
2.515075E00, 1.800000E02
2.864069E00, 1.800000E02
3.208513E00, 1.800000E02
3.548403E00, 1.800000E02
3.883736E00, 1.800000E02
4.214507E00, 1.800000E02
4.540716E00, 1.800000E02
4.862361E00, 1.800000E02
5.179441E00, 1.800000E02
5.491956E00, 1.800000E02
5.799907E00, 1.800000E02
6.103296E00, 1.800000E02
6.402124E00, 1.800000E02
6.696395E00, 1.800000E02
6.986111E00, 1.800000E02
7.271276E00, 1.800000E02
7.551896E00, 1.800000E02
7.827974E00, 1.800000E02
8.099517E00, 1.800000E02
8.366531E00, 1.800000E02
8.629023E00, 1.800000E02
8.887000E00, 1.800000E02
9.140470E00, 1.800000E02
9.389440E00, 1.800000E02
9.633921E00, 1.800000E02
9.873920E00, 1.800000E02
1.010945E01, 1.800000E02
1.034052E01, 1.800000E02
1.056713E01, 1.800000E02
1.078931E01, 1.800000E02
1.100706E01, 1.800000E02
1.122039E01, 1.800000E02
1.142932E01, 1.800000E02
1.163386E01, 1.800000E02
1.183401E01, 1.800000E02
1.202980E01, 1.800000E02
1.222124E01, 1.800000E02
1.240834E01, 1.800000E02
1.259112E01, 1.800000E02
1.276958E01, 1.800000E02
1.294375E01, 1.800000E02
1.311363E01, 1.800000E02
1.327925E01, 1.800000E02
1.344062E01, 1.800000E02
1.359775E01, 1.800000E02
1.375066E01, 1.800000E02
1.389937E01, 1.800000E02
1.404389E01, 1.800000E02
1.418423E01, 1.800000E02
1.432042E01, 1.800000E02
1.445247E01, 1.800000E02
1.458039E01, 1.800000E02
1.470420E01, 1.800000E02
1.482393E01, 1.800000E02
1.493958E01, 1.800000E02
1.505117E01, 1.800000E02
1.515872E01, 1.800000E02
1.526224E01, 1.800000E02
1.536176E01, 1.800000E02
1.545728E01, 1.800000E02
1.554883E01, 1.800000E02
1.563643E01, 1.800000E02
1.572008E01, 1.800000E02
1.579980E01, 1.800000E02
1.587562E01, 1.800000E02
1.594755E01, 1.800000E02
1.601560E01, 1.800000E02
1.607979E01, 1.800000E02
1.614014E01, 1.800000E02
1.619667E01, 1.800000E02
1.624938E01, 1.800000E02
1.629830E01, 1.800000E02
1.634343E01, 1.800000E02
1.638481E01, 1.800000E02
1.642244E01, 1.800000E02
1.645633E01, 1.800000E02
1.648651E01, 1.800000E02
1.651299E01, 1.800000E02
1.653578E01, 1.800000E02
1.655489E01, 1.800000E02
1.657035E01, 1.800000E02
1.658216E01, 1.800000E02
1.659034E01, 1.800000E02
1.659490E01, 1.800000E02
1.659587E01, 1.800000E02
1.659324E01, 1.800000E02
1.658703E01, 1.800000E02
1.657726E01, 1.800000E02
1.656394E01, 1.800000E02
1.654708E01, 1.800000E02
1.652669E01, 1.800000E02
1.650279E01, 1.800000E02
1.647538E01, 1.800000E02
1.644448E01, 1.800000E02
1.641010E01, 1.800000E02
1.637224E01, 1.800000E02
1.633093E01, 1.800000E02
1.628616E01, 1.800000E02
1.623796E01, 1.800000E02
1.618632E01, 1.800000E02
1.613125E01, 1.800000E02
1.607278E01, 1.800000E02
1.601090E01, 1.800000E02
1.594562E01, 1.800000E02
1.587695E01, 1.800000E02
1.580490E01, 1.800000E02
1.572948E01, 1.800000E02
1.565069E01, 1.800000E02
1.556853E01, 1.800000E02
1.548303E01, 1.800000E02
1.539417E01, 1.800000E02
1.530197E01, 1.800000E02
1.520644E01, 1.800000E02
1.510757E01, 1.800000E02
1.500537E01, 1.800000E02
1.489985E01, 1.800000E02
1.479101E01, 1.800000E02
1.467886E01, 1.800000E02
1.456339E01, 1.800000E02
1.444462E01, 1.800000E02
1.432254E01, 1.800000E02
1.419715E01, 1.800000E02
1.406847E01, 1.800000E02
1.393648E01, 1.800000E02
1.380120E01, 1.800000E02
1.366262E01, 1.800000E02
1.352074E01, 1.800000E02
1.337557E01, 1.800000E02
1.322711E01, 1.800000E02
1.307535E01, 1.800000E02
1.292030E01, 1.800000E02
1.276195E01, 1.800000E02
1.260031E01, 1.800000E02
1.243537E01, 1.800000E02
1.226714E01, 1.800000E02
1.209561E01, 1.800000E02
1.192078E01, 1.800000E02
1.174265E01, 1.800000E02
1.156121E01, 1.800000E02
1.137647E01, 1.800000E02
1.118842E01, 1.800000E02
1.099706E01, 1.800000E02
1.080239E01, 1.800000E02
1.060439E01, 1.800000E02
1.040308E01, 1.800000E02
1.019845E01, 1.800000E02
9.990487E00, 1.800000E02
9.779195E00, 1.800000E02
9.564569E00, 1.800000E02
9.346603E00, 1.800000E02
9.125296E00, 1.800000E02
8.900641E00, 1.800000E02
8.672635E00, 1.800000E02
8.441273E00, 1.800000E02
8.206551E00, 1.800000E02
7.968464E00, 1.800000E02
7.727007E00, 1.800000E02
7.482176E00, 1.800000E02
7.233965E00, 1.800000E02
6.982371E00, 1.800000E02
6.727387E00, 1.800000E02
6.469010E00, 1.800000E02
6.207234E00, 1.800000E02
5.942055E00, 1.800000E02
5.673466E00, 1.800000E02
5.401465E00, 1.800000E02
5.126046E00, 1.800000E02
4.847203E00, 1.800000E02
4.564933E00, 1.800000E02
4.279232E00, 1.800000E02
3.990093E00, 1.800000E02
3.697514E00, 1.800000E02
3.401489E00, 1.800000E02
3.102015E00, 1.800000E02
2.799087E00, 1.800000E02
2.492702E00, 1.800000E02
2.182857E00, 1.800000E02
1.869546E00, 1.800000E02
1.552769E00, 1.800000E02
1.232520E00, 1.800000E02
9.087975E-01, 1.800000E02
5.815988E-01, 1.800000E02
2.509215E-01, 1.800000E02
8.323664E-02, 0.000000E00
4.208774E-01, 0.000000E00
7.620024E-01, 0.000000E00
1.106613E00, 0.000000E00
1.454710E00, 0.000000E00
1.806293E00, 0.000000E00
2.161364E00, 0.000000E00
2.519922E00, 0.000000E00
2.881967E00, 0.000000E00
3.247498E00, 0.000000E00
3.616513E00, 0.000000E00
3.989010E00, 0.000000E00
4.364989E00, 0.000000E00
4.744445E00, 0.000000E00
5.127377E00, 0.000000E00
5.513781E00, 0.000000E00
5.903652E00, 0.000000E00
6.296986E00, 0.000000E00
6.693779E00, 0.000000E00
7.094024E00, 0.000000E00
7.497716E00, 0.000000E00
7.904848E00, 0.000000E00
8.315414E00, 0.000000E00
8.729404E00, 0.000000E00
9.146812E00, 0.000000E00
9.567627E00, 0.000000E00
9.991841E00, 0.000000E00
1.041944E01, 0.000000E00
1.085042E01, 0.000000E00
1.128477E01, 0.000000E00
1.172247E01, 0.000000E00
1.216351E01, 0.000000E00
1.260788E01, 0.000000E00
1.305556E01, 0.000000E00
1.350655E01, 0.000000E00
1.396081E01, 0.000000E00
1.441834E01, 0.000000E00
1.487912E01, 0.000000E00
1.534313E01, 0.000000E00
1.581036E01, 0.000000E00
1.628078E01, 0.000000E00
1.675437E01, 0.000000E00
1.723112E01, 0.000000E00
1.771099E01, 0.000000E00
1.819398E01, 0.000000E00
1.868005E01, 0.000000E00
1.916917E01, 0.000000E00
1.966134E01, 0.000000E00
2.015651E01, 0.000000E00
2.065467E01, 0.000000E00
2.115578E01, 0.000000E00
2.165982E01, 0.000000E00
2.216675E01, 0.000000E00
2.267655E01, 0.000000E00
2.318918E01, 0.000000E00
2.370462E01, 0.000000E00
2.422283E01, 0.000000E00
2.474377E01, 0.000000E00
2.526742E01, 0.000000E00
2.579373E01, 0.000000E00
2.632267E01, 0.000000E00
2.685419E01, 0.000000E00
2.738828E01, 0.000000E00
2.792487E01, 0.000000E00
2.846393E01, 0.000000E00
2.900543E01, 0.000000E00
2.954931E01, 0.000000E00
3.009554E01, 0.000000E00
3.064407E01, 0.000000E00
3.119486E01, 0.000000E00
3.174785E01, 0.000000E00
3.230301E01, 0.000000E00
3.286028E01, 0.000000E00
3.341961E01, 0.000000E00
3.398096E01, 0.000000E00
3.454427E01, 0.000000E00
3.510950E01, 0.000000E00
3.567658E01, 0.000000E00
3.624547E01, 0.000000E00
3.681610E01, 0.000000E00
3.738844E01, 0.000000E00
3.796241E01, 0.000000E00
3.853796E01, 0.000000E00
3.911503E01, 0.000000E00
3.969356E01, 0.000000E00
4.027350E01, 0.000000E00
4.085477E01, 0.000000E00
4.143733E01, 0.000000E00
4.202110E01, 0.000000E00
4.260602E01, 0.000000E00
4.319203E01, 0.000000E00
4.377906E01, 0.000000E00
4.436704E01, 0.000000E00
4.495591E01, 0.000000E00
4.554560E01, 0.000000E00
4.613604E01, 0.000000E00
4.672716E01, 0.000000E00
4.731889E01, 0.000000E00
4.791115E01, 0.000000E00
4.850388E01, 0.000000E00
4.909700E01, 0.000000E00
4.969044E01, 0.000000E00
5.028412E01, 0.000000E00
5.087797E01, 0.000000E00
5.147191E01, 0.000000E00
5.206587E01, 0.000000E00
5.265976E01, 0.000000E00
5.325352E01, 0.000000E00
5.384705E01, 0.000000E00
5.444029E01, 0.000000E00
5.503314E01, 0.000000E00
5.562554E01, 0.000000E00
5.621739E01, 0.000000E00
5.680862E01, 0.000000E00
5.739915E01, 0.000000E00
5.798888E01, 0.000000E00
5.857775E01, 0.000000E00
5.916566E01, 0.000000E00
5.975252E01, 0.000000E00
6.033826E01, 0.000000E00
6.092279E01, 0.000000E00
6.150603E01, 0.000000E00
6.208788E01, 0.000000E00
6.266826E01, 0.000000E00
6.324708E01, 0.000000E00
6.382426E01, 0.000000E00
6.439970E01, 0.000000E00
6.497333E01, 0.000000E00
6.554505E01, 0.000000E00
6.611477E01, 0.000000E00
6.668241E01, 0.000000E00
6.724787E01, 0.000000E00
6.781107E01, 0.000000E00
6.837192E01, 0.000000E00
6.893032E01, 0.000000E00
6.948620E01, 0.000000E00
7.003945E01, 0.000000E00
7.059000E01, 0.000000E00
7.113775E01, 0.000000E00
7.168260E01, 0.000000E00
7.222448E01, 0.000000E00
7.276329E01, 0.000000E00
7.329895E01, 0.000000E00
7.383135E01, 0.000000E00
7.436042E01, 0.000000E00
7.488607E01, 0.000000E00
7.540821E01, 0.000000E00
7.592674E01, 0.000000E00
7.644158E01, 0.000000E00
7.695265E01, 0.000000E00
7.745985E01, 0.000000E00
7.796309E01, 0.000000E00
7.846230E01, 0.000000E00
7.895738E01, 0.000000E00
7.944825E01, 0.000000E00
7.993481E01, 0.000000E00
8.041700E01, 0.000000E00
8.089471E01, 0.000000E00
8.136788E01, 0.000000E00
8.183640E01, 0.000000E00
8.230021E01, 0.000000E00
8.275921E01, 0.000000E00
8.321332E01, 0.000000E00
8.366248E01, 0.000000E00
8.410658E01, 0.000000E00
8.454556E01, 0.000000E00
8.497933E01, 0.000000E00
8.540782E01, 0.000000E00
8.583094E01, 0.000000E00
8.624863E01, 0.000000E00
8.666080E01, 0.000000E00
8.706738E01, 0.000000E00
8.746830E01, 0.000000E00
8.786348E01, 0.000000E00
8.825285E01, 0.000000E00
8.863634E01, 0.000000E00
8.901387E01, 0.000000E00
8.938539E01, 0.000000E00
8.975081E01, 0.000000E00
9.011008E01, 0.000000E00
9.046313E01, 0.000000E00
9.080988E01, 0.000000E00
9.115029E01, 0.000000E00
9.148428E01, 0.000000E00
9.181179E01, 0.000000E00
9.213277E01, 0.000000E00
9.244714E01, 0.000000E00
9.275487E01, 0.000000E00
9.305588E01, 0.000000E00
9.335013E01, 0.000000E00
9.363755E01, 0.000000E00
9.391811E01, 0.000000E00
9.419173E01, 0.000000E00
9.445839E01, 0.000000E00
9.471801E01, 0.000000E00
9.497057E01, 0.000000E00
9.521601E01, 0.000000E00
9.545429E01, 0.000000E00
9.568536E01, 0.000000E00
9.590919E01, 0.000000E00
9.612573E01, 0.000000E00
9.633494E01, 0.000000E00
9.653680E01, 0.000000E00
9.673125E01, 0.000000E00
9.691828E01, 0.000000E00
9.709783E01, 0.000000E00
9.726990E01, 0.000000E00
9.743444E01, 0.000000E00
9.759142E01, 0.000000E00
9.774083E01, 0.000000E00
9.788263E01, 0.000000E00
9.801681E01, 0.000000E00
9.814334E01, 0.000000E00
9.826221E01, 0.000000E00
9.837338E01, 0.000000E00
9.847686E01, 0.000000E00
9.857261E01, 0.000000E00
9.866064E01, 0.000000E00
9.874093E01, 0.000000E00
9.881346E01, 0.000000E00
9.887824E01, 0.000000E00
9.893525E01, 0.000000E00
9.898448E01, 0.000000E00
9.902594E01, 0.000000E00
9.905963E01, 0.000000E00
9.908554E01, 0.000000E00
9.910368E01, 0.000000E00
9.911405E01, 0.000000E00
9.911665E01, 0.000000E00
9.911149E01, 0.000000E00
9.909859E01, 0.000000E00
9.907794E01, 0.000000E00
9.904957E01, 0.000000E00
9.901348E01, 0.000000E00
9.896969E01, 0.000000E00
9.891822E01, 0.000000E00
9.885909E01, 0.000000E00
9.879232E01, 0.000000E00
9.871792E01, 0.000000E00
9.863592E01, 0.000000E00
9.854635E01, 0.000000E00
9.844924E01, 0.000000E00
9.834460E01, 0.000000E00
9.823248E01, 0.000000E00
9.811290E01, 0.000000E00
9.798589E01, 0.000000E00
9.785150E01, 0.000000E00
9.770975E01, 0.000000E00
9.756068E01, 0.000000E00
9.740434E01, 0.000000E00
9.724076E01, 0.000000E00
9.706998E01, 0.000000E00
9.689206E01, 0.000000E00
9.670703E01, 0.000000E00
9.651493E01, 0.000000E00
9.631583E01, 0.000000E00
9.610976E01, 0.000000E00
9.589678E01, 0.000000E00
9.567694E01, 0.000000E00
9.545030E01, 0.000000E00
9.521690E01, 0.000000E00
9.497681E01, 0.000000E00
9.473007E01, 0.000000E00
9.447676E01, 0.000000E00
9.421693E01, 0.000000E00
9.395063E01, 0.000000E00
9.367794E01, 0.000000E00
9.339892E01, 0.000000E00
9.311363E01, 0.000000E00
9.282213E01, 0.000000E00
9.252450E01, 0.000000E00
9.222080E01, 0.000000E00
9.191110E01, 0.000000E00
9.159547E01, 0.000000E00
9.127398E01, 0.000000E00
9.094671E01, 0.000000E00
9.061372E01, 0.000000E00
9.027510E01, 0.000000E00
8.993091E01, 0.000000E00
8.958124E01, 0.000000E00
8.922615E01, 0.000000E00
8.886573E01, 0.000000E00
8.850006E01, 0.000000E00
8.812921E01, 0.000000E00
8.775326E01, 0.000000E00
8.737231E01, 0.000000E00
8.698641E01, 0.000000E00
8.659567E01, 0.000000E00
8.620016E01, 0.000000E00
8.579996E01, 0.000000E00
8.539517E01, 0.000000E00
8.498585E01, 0.000000E00
8.457211E01, 0.000000E00
8.415402E01, 0.000000E00
8.373168E01, 0.000000E00
8.330516E01, 0.000000E00
8.287456E01, 0.000000E00
8.243996E01, 0.000000E00
8.200145E01, 0.000000E00
8.155912E01, 0.000000E00
8.111306E01, 0.000000E00
8.066336E01, 0.000000E00
8.021010E01, 0.000000E00
7.975338E01, 0.000000E00
7.929329E01, 0.000000E00
7.882991E01, 0.000000E00
7.836334E01, 0.000000E00
7.789366E01, 0.000000E00
7.742097E01, 0.000000E00
7.694535E01, 0.000000E00
7.646691E01, 0.000000E00
7.598572E01, 0.000000E00
7.550188E01, 0.000000E00
7.501547E01, 0.000000E00
7.452660E01, 0.000000E00
7.403535E01, 0.000000E00
7.354181E01, 0.000000E00
7.304606E01, 0.000000E00
7.254821E01, 0.000000E00
7.204834E01, 0.000000E00
7.154654E01, 0.000000E00
7.104290E01, 0.000000E00
7.053750E01, 0.000000E00
7.003045E01, 0.000000E00
6.952182E01, 0.000000E00
6.901170E01, 0.000000E00
6.850019E01, 0.000000E00
6.798736E01, 0.000000E00
6.747331E01, 0.000000E00
6.695813E01, 0.000000E00
6.644190E01, 0.000000E00
6.592470E01, 0.000000E00
6.540662E01, 0.000000E00
6.488775E01, 0.000000E00
6.436817E01, 0.000000E00
6.384797E01, 0.000000E00
6.332722E01, 0.000000E00
6.280602E01, 0.000000E00
6.228443E01, 0.000000E00
6.176255E01, 0.000000E00
6.124046E01, 0.000000E00
6.071823E01, 0.000000E00
6.019594E01, 0.000000E00
5.967368E01, 0.000000E00
5.915152E01, 0.000000E00
5.862953E01, 0.000000E00
5.810781E01, 0.000000E00
5.758641E01, 0.000000E00
5.706542E01, 0.000000E00
5.654491E01, 0.000000E00
5.602496E01, 0.000000E00
5.550563E01, 0.000000E00
5.498700E01, 0.000000E00
5.446914E01, 0.000000E00
5.395212E01, 0.000000E00
5.343601E01, 0.000000E00
5.292087E01, 0.000000E00
5.240679E01, 0.000000E00
5.189381E01, 0.000000E00
5.138201E01, 0.000000E00
5.087145E01, 0.000000E00
5.036220E01, 0.000000E00
4.985432E01, 0.000000E00
4.934787E01, 0.000000E00
4.884291E01, 0.000000E00
4.833951E01, 0.000000E00
4.783771E01, 0.000000E00
4.733759E01, 0.000000E00
4.683919E01, 0.000000E00
4.634257E01, 0.000000E00
4.584779E01, 0.000000E00
4.535490E01, 0.000000E00
4.486395E01, 0.000000E00
4.437500E01, 0.000000E00
4.388810E01, 0.000000E00
4.340330E01, 0.000000E00
4.292064E01, 0.000000E00
4.244018E01, 0.000000E00
4.196196E01, 0.000000E00
4.148603E01, 0.000000E00
4.101243E01, 0.000000E00
4.054120E01, 0.000000E00
4.007239E01, 0.000000E00
3.960605E01, 0.000000E00
3.914220E01, 0.000000E00
3.868090E01, 0.000000E00
3.822217E01, 0.000000E00
3.776606E01, 0.000000E00
3.731261E01, 0.000000E00
3.686184E01, 0.000000E00
3.641380E01, 0.000000E00
3.596851E01, 0.000000E00
3.552602E01, 0.000000E00
3.508634E01, 0.000000E00
3.464952E01, 0.000000E00
3.421557E01, 0.000000E00
3.378454E01, 0.000000E00
3.335644E01, 0.000000E00
3.293130E01, 0.000000E00
3.250915E01, 0.000000E00
3.209001E01, 0.000000E00
3.167391E01, 0.000000E00
3.126087E01, 0.000000E00
3.085090E01, 0.000000E00
3.044404E01, 0.000000E00
3.004029E01, 0.000000E00
2.963969E01, 0.000000E00
2.924223E01, 0.000000E00
2.884795E01, 0.000000E00
2.845686E01, 0.000000E00
2.806897E01, 0.000000E00
2.768429E01, 0.000000E00
2.730285E01, 0.000000E00
2.692464E01, 0.000000E00
2.654969E01, 0.000000E00
2.617800E01, 0.000000E00
2.580959E01, 0.000000E00
2.544445E01, 0.000000E00
2.508260E01, 0.000000E00
2.472405E01, 0.000000E00
2.436880E01, 0.000000E00
2.401685E01, 0.000000E00
2.366822E01, 0.000000E00
2.332290E01, 0.000000E00
2.298090E01, 0.000000E00
2.264222E01, 0.000000E00
2.230685E01, 0.000000E00
2.197481E01, 0.000000E00
2.164610E01, 0.000000E00
2.132070E01, 0.000000E00
2.099862E01, 0.000000E00
2.067985E01, 0.000000E00
2.036440E01, 0.000000E00
2.005226E01, 0.000000E00
1.974342E01, 0.000000E00
1.943788E01, 0.000000E00
1.913563E01, 0.000000E00
1.883667E01, 0.000000E00
1.854100E01, 0.000000E00
1.824859E01, 0.000000E00
1.795945E01, 0.000000E00
1.767357E01, 0.000000E00
1.739093E01, 0.000000E00
1.711152E01, 0.000000E00
1.683534E01, 0.000000E00
1.656238E01, 0.000000E00
1.629262E01, 0.000000E00
1.602605E01, 0.000000E00
1.576266E01, 0.000000E00
1.550243E01, 0.000000E00
1.524535E01, 0.000000E00
1.499141E01, 0.000000E00
1.474059E01, 0.000000E00
1.449288E01, 0.000000E00
1.424826E01, 0.000000E00
1.400671E01, 0.000000E00
1.376823E01, 0.000000E00
1.353278E01, 0.000000E00
1.330037E01, 0.000000E00
1.307096E01, 0.000000E00
1.284454E01, 0.000000E00
1.262109E01, 0.000000E00
1.240060E01, 0.000000E00
1.218304E01, 0.000000E00
1.196840E01, 0.000000E00
1.175665E01, 0.000000E00
1.154778E01, 0.000000E00
1.134176E01, 0.000000E00
1.113858E01, 0.000000E00
1.093822E01, 0.000000E00
1.074065E01, 0.000000E00
1.054585E01, 0.000000E00
1.035380E01, 0.000000E00
1.016449E01, 0.000000E00
9.977878E00, 0.000000E00
9.793956E00, 0.000000E00
9.612698E00, 0.000000E00
9.434081E00, 0.000000E00
9.258083E00, 0.000000E00
9.084682E00, 0.000000E00
8.913854E00, 0.000000E00
8.745577E00, 0.000000E00
8.579827E00, 0.000000E00
8.416581E00, 0.000000E00
8.255816E00, 0.000000E00
8.097508E00, 0.000000E00
7.941634E00, 0.000000E00
7.788170E00, 0.000000E00
7.637092E00, 0.000000E00
7.488377E00, 0.000000E00
7.342000E00, 0.000000E00
7.197938E00, 0.000000E00
7.056167E00, 0.000000E00
6.916663E00, 0.000000E00
6.779402E00, 0.000000E00
6.644359E00, 0.000000E00
6.511511E00, 0.000000E00
6.380834E00, 0.000000E00
6.252303E00, 0.000000E00
6.125894E00, 0.000000E00
6.001584E00, 0.000000E00
5.879348E00, 0.000000E00
5.759163E00, 0.000000E00
5.641003E00, 0.000000E00
5.524847E00, 0.000000E00
5.410669E00, 0.000000E00
5.298445E00, 0.000000E00
5.188153E00, 0.000000E00
5.079768E00, 0.000000E00
4.973267E00, 0.000000E00
4.868625E00, 0.000000E00
4.765820E00, 0.000000E00
4.664829E00, 0.000000E00
4.565627E00, 0.000000E00
4.468192E00, 0.000000E00
4.372501E00, 0.000000E00
4.278530E00, 0.000000E00
4.186257E00, 0.000000E00
4.095659E00, 0.000000E00
4.006713E00, 0.000000E00
3.919397E00, 0.000000E00
3.833688E00, 0.000000E00
3.749564E00, 0.000000E00
3.667004E00, 0.000000E00
3.585984E00, 0.000000E00
3.506483E00, 0.000000E00
3.428480E00, 0.000000E00
3.351952E00, 0.000000E00
3.276879E00, 0.000000E00
3.203238E00, 0.000000E00
3.131010E00, 0.000000E00
3.060173E00, 0.000000E00
2.990706E00, 0.000000E00
2.922589E00, 0.000000E00
2.855801E00, 0.000000E00
2.790322E00, 0.000000E00
2.726131E00, 0.000000E00
2.663210E00, 0.000000E00
2.601537E00, 0.000000E00
2.541095E00, 0.000000E00
2.481862E00, 0.000000E00
2.423820E00, 0.000000E00
2.366950E00, 0.000000E00
2.311232E00, 0.000000E00
2.256650E00, 0.000000E00
2.203183E00, 0.000000E00
2.150813E00, 0.000000E00
2.099523E00, 0.000000E00
2.049294E00, 0.000000E00
2.000109E00, 0.000000E00
1.951950E00, 0.000000E00
1.904800E00, 0.000000E00
1.858641E00, 0.000000E00
1.813457E00, 0.000000E00
1.769231E00, 0.000000E00
1.725946E00, 0.000000E00
1.683586E00, 0.000000E00
1.642135E00, 0.000000E00
1.601576E00, 0.000000E00
1.561895E00, 0.000000E00
1.523074E00, 0.000000E00
1.485099E00, 0.000000E00
1.447955E00, 0.000000E00
1.411626E00, 0.000000E00
1.376098E00, 0.000000E00
1.341356E00, 0.000000E00
1.307385E00, 0.000000E00
1.274171E00, 0.000000E00
1.241701E00, 0.000000E00
1.209960E00, 0.000000E00
1.178934E00, 0.000000E00
1.148610E00, 0.000000E00
1.118975E00, 0.000000E00
1.090015E00, 0.000000E00
1.061718E00, 0.000000E00
1.034071E00, 0.000000E00
1.007060E00, 0.000000E00
9.806749E-01, 0.000000E00
9.549018E-01, 0.000000E00
9.297291E-01, 0.000000E00
9.051450E-01, 0.000000E00
8.811377E-01, 0.000000E00
8.576958E-01, 0.000000E00
8.348078E-01, 0.000000E00
8.124627E-01, 0.000000E00
7.906494E-01, 0.000000E00
7.693572E-01, 0.000000E00
7.485752E-01, 0.000000E00
7.282932E-01, 0.000000E00
7.085007E-01, 0.000000E00
6.891876E-01, 0.000000E00
6.703440E-01, 0.000000E00
6.519599E-01, 0.000000E00
6.340259E-01, 0.000000E00
6.165322E-01, 0.000000E00
5.994697E-01, 0.000000E00
5.828291E-01, 0.000000E00
5.666014E-01, 0.000000E00
5.507777E-01, 0.000000E00
5.353494E-01, 0.000000E00
5.203078E-01, 0.000000E00
5.056445E-01, 0.000000E00
4.913513E-01, 0.000000E00
4.774200E-01, 0.000000E00
4.638427E-01, 0.000000E00
4.506115E-01, 0.000000E00
4.377187E-01, 0.000000E00
4.251568E-01, 0.000000E00
4.129183E-01, 0.000000E00
4.009960E-01, 0.000000E00
3.893827E-01, 0.000000E00
3.780715E-01, 0.000000E00
3.670553E-01, 0.000000E00
3.563275E-01, 0.000000E00
3.458815E-01, 0.000000E00
3.357107E-01, 0.000000E00
3.258088E-01, 0.000000E00
3.161695E-01, 0.000000E00
##END=
