##TITLE= COOP pulse, rf 20 kHz, bw 100 kHz, Sam Asami, sam.asami@tum.de
##JCAMP-DX= 
##DATA TYPE= Shape Data
##ORIGIN= OCTOPUS optimization software
##OWNER= <sam>
##DATE= 20160404
##TIME= 174203.832
##$SHAPE_PARAMETERS= Nominal RF (Hz):    20000.000
##MINX=   99.999792138269925         
##MAXX=   100.62279407793154         
##MINY=  0.96882445916441029         
##MAXY=   359.89418954233861         
##$SHAPE_EXMODE= Excitation
##$SHAPE_TOTROT=   90.000000000000000         
##$SHAPE_TYPE= Excitation
##$SHAPE_USER_DEF=
##$SHAPE_REPHFAC=
##$SHAPE_BWFAC= 6.0000000000000000         
##$SHAPE_BWFAC50=
##$SHAPE_INTEGFAC= 0.41666667 
##$SHAPE_MODE= 0
##NPOINTS=300   
##XYPOINTS= (XY..XY)
 100.6227940779, 149.7294675906
 100.0341577860, 181.5002292248
 100.0461511035, 178.2574532493
 100.2384930137, 168.5593483263
 100.1044992477, 165.4184646260
 100.1632917148, 160.3641619358
 100.1414582129, 153.8938907641
 100.1346531602, 147.8506943373
 100.1699154448, 141.5006260643
 100.1313390094, 135.4727156038
 100.1415942193, 128.5790423943
 100.1347112248, 121.4610910474
 100.1440895549, 114.2581367661
 100.1409872607, 106.9363533771
 100.1405996717,  99.7874561710
 100.1338085740,  92.9624943270
 100.0156787155,  91.0161923687
 100.0592541822,  80.4580865359
 100.1857627119,  73.7193259678
 100.0942462172,  68.5255421778
 100.1182716206,  62.7615140588
 100.0853358743,  57.9457314715
 100.2357038891,  53.5382299609
 100.1275160868,  48.9802963765
 100.0845388938,  45.0458942794
 100.0946868468,  41.3254005855
 100.0709413182,  37.5270632442
 100.0596768867,  33.9276730290
 100.0824503181,  30.9165189819
 100.0650791041,  27.6664513243
 100.0663054280,  24.7687539442
 100.0563530344,  21.6188513918
 100.0681835690,  18.8625663605
 100.0614577184,  16.4416584079
 100.0542720091,  13.8441372317
 100.0510224969,  11.2716878290
 100.0580598171,   9.0731394690
 100.0543509683,   6.4949590440
 100.0504384992,   4.4286315314
 100.0495679114,   2.4030776476
 100.0275821746,   1.4078116059
 100.0208297726,   1.1700809848
  99.9997921383, 359.8941895423
 100.0150134211, 358.9662166902
 100.1135666092, 351.5231971029
 100.1036557016, 352.7266912671
 100.2531708840, 347.1704577543
 100.1835739957, 344.3261260382
 100.1267650536, 345.5099495242
 100.4267790631, 339.8431459959
 100.3299374002, 343.0853389778
 100.1370492334, 341.5938934643
 100.1070295963, 339.2807478820
 100.0910672745, 338.0249404455
 100.1208063483, 336.5930065466
 100.0917938280, 334.8492044909
 100.1493835752, 333.0130896841
 100.0947263512, 332.0334481771
 100.0755753194, 330.8352002058
 100.1681696635, 327.6351155446
 100.0680310520, 328.1720871598
 100.3545270306, 326.9716537888
 100.0736607107, 325.2724296047
 100.1825824643, 324.2623946456
 100.0647103845, 322.8760497883
 100.1033287839, 322.0418231126
 100.1053492762, 320.0459512222
 100.1160652107, 319.0710635711
 100.0608040581, 318.6600569365
 100.0745344628, 317.5114118378
 100.1867002458, 315.8746566091
 100.0773747962, 314.9388494716
 100.0637780461, 313.8460241974
 100.1095676427, 312.7638505201
 100.0708272792, 311.9740820313
 100.1248623166, 311.1548010668
 100.0642140682, 309.8069882192
 100.0629333362, 308.8517006969
 100.0594830515, 307.9777375002
 100.0724635653, 306.9203014312
 100.1682936525, 305.8808050270
 100.2188849659, 304.9250843905
 100.0892553334, 303.6011480517
 100.1476325101, 303.5052403200
 100.1951744736, 302.9094933055
 100.2264187804, 301.8693285691
 100.1671545819, 300.8088636153
 100.0888666000, 299.5027700865
 100.1095711060, 298.2374710691
 100.1027032437, 297.5330299306
 100.0831727286, 296.4825770663
 100.1303170380, 295.7970898254
 100.0692504778, 294.6004124042
 100.0822091963, 293.2927670177
 100.1023880218, 292.0741280144
 100.0861584614, 291.9549048676
 100.1632615668, 291.2267943965
 100.1481084698, 289.8396340219
 100.0767498381, 288.7057537663
 100.0650101648, 287.7364657167
 100.0515077566, 286.4378941643
 100.0459701978, 285.2433749553
 100.0469510823, 284.3271113877
 100.0699174747, 283.4426991136
 100.0613214027, 282.2278618000
 100.0410794444, 280.7354640014
 100.0448586789, 279.6087050167
 100.0453689530, 278.3554341469
 100.0399297752, 276.9363353374
 100.0488468391, 275.4976590012
 100.0449187992, 274.2429325601
 100.0389744949, 273.0821760516
 100.0348631861, 271.9387651285
 100.0277378382, 271.7361132625
 100.0195993694, 271.1388514049
 100.0136488078, 270.9473332590
 100.0160717529, 268.9727831668
 100.0135195538, 268.7830820848
 100.0624097060, 262.8619626221
 100.0482099747, 261.7483189805
 100.2770107030, 259.3431414636
 100.1843266814, 253.7402498444
 100.4483303114, 256.2092839802
 100.1545072204, 252.0257036016
 100.0932294323, 252.7661900354
 100.0777100993, 250.8026068593
 100.0613936470, 248.7359692317
 100.0786485252, 246.9023140142
 100.0591913142, 244.7863474751
 100.1534397953, 242.4429885854
 100.0570760828, 241.2123323768
 100.0609356226, 238.7701555871
 100.0646205275, 237.3211231546
 100.0789777669, 236.2656547353
 100.0716309485, 234.3990497678
 100.0461223910, 232.6686547394
 100.0733422669, 231.2596771786
 100.0521123804, 229.5714669340
 100.1073946319, 228.1039157299
 100.0848805027, 227.2663112942
 100.0825945816, 225.9711409154
 100.0460411264, 224.9223400784
 100.0385548942, 223.7320073157
 100.0381622312, 222.8408194100
 100.0449906293, 222.0936220779
 100.0400229774, 221.3967426611
 100.0487316770, 220.8642671216
 100.0481564631, 220.4375326634
 100.0387935237, 219.9616183332
 100.0381166717, 219.6998073760
 100.0379085228, 219.5559909005
 100.0441531616, 219.4640558374
 100.0371359096, 219.5647450893
 100.0379658156, 219.7501329368
 100.0390493365, 220.0363093802
 100.0450889426, 220.4409075541
 100.0603227520, 220.9254971564
 100.0498398854, 221.5108789055
 100.0473836716, 222.1645495569
 100.0357818980, 222.8201675892
 100.0360696388, 223.6924450485
 100.0355236592, 224.6473807928
 100.0420567242, 225.7113905210
 100.0595303854, 226.8368675957
 100.0499282904, 228.0382503731
 100.0624095686, 229.0970918892
 100.0479381944, 230.3461801394
 100.0428342125, 231.7796313907
 100.0378019824, 233.4313000243
 100.0858790966, 234.9551549395
 100.0352828465, 236.4184140061
 100.0678518085, 238.1099147645
 100.0494604183, 238.9078454521
 100.0298329751, 241.1790102000
 100.0604995877, 242.7154906209
 100.0423547221, 244.2457844929
 100.0686630481, 246.5932410661
 100.0565696408, 248.1943080887
 100.0944497481, 250.3138364618
 100.1013451895, 252.3268625264
 100.2460703198, 252.5145291743
 100.2762211819, 255.3925909735
 100.1657633164, 253.8992040134
 100.3280038819, 253.3482666161
 100.1348892730, 261.3255963058
 100.0326941383, 262.3989608562
 100.0310724236, 264.4052797152
 100.0143847895, 269.0246671085
  99.9998655953, 270.1368752555
 100.0154022366, 271.0523838310
 100.0210236138, 271.6895672961
 100.0264480629, 272.1842436759
 100.0284453727, 273.6199141169
 100.0256534756, 275.0515991693
 100.0256558942, 276.4954082808
 100.0328509181, 278.0509943597
 100.0313593080, 279.5127819618
 100.0275528182, 280.7483830095
 100.0279931183, 282.1657406095
 100.0350771271, 283.6423544302
 100.0378847617, 284.9611716709
 100.0333940064, 286.1074690971
 100.0427083318, 287.4489688326
 100.0488443078, 288.7372400344
 100.0485481682, 289.8945893421
 100.0331837303, 290.7476967813
 100.0336302787, 291.7991235780
 100.0363637504, 292.8436272302
 100.0356196569, 294.0002998104
 100.0402924211, 295.1457179733
 100.0342126681, 295.8970803886
 100.0355971464, 297.0536024176
 100.0340578709, 297.8321365911
 100.0454461942, 298.8624494681
 100.0418677821, 299.5582310679
 100.0600911359, 300.8804309971
 100.0635802815, 301.7113253418
 100.0438504094, 302.3765010102
 100.0362031342, 303.1492514544
 100.0416559156, 303.7827839782
 100.0472844140, 304.7537722545
 100.0396307010, 305.4906529363
 100.0420245266, 306.1364791285
 100.0372501659, 307.1451474569
 100.0326018678, 307.8707141074
 100.0350250771, 308.6690415489
 100.0343533012, 309.4945903076
 100.0400231208, 310.2275671153
 100.0320841590, 310.9155963939
 100.0514146058, 311.8482160965
 100.0388077807, 312.5332934767
 100.0297226693, 313.2451406186
 100.0289457390, 314.0723387641
 100.0316002963, 314.8611421207
 100.0318913163, 315.6903302936
 100.1007336705, 316.5730220284
 100.0474015989, 317.5393176011
 100.0432287693, 318.3202132751
 100.0258977054, 319.1201804112
 100.0686655738, 320.2191023753
 100.0511880792, 320.9396802106
 100.0390696033, 321.8593149714
 100.0508943219, 322.7844336757
 100.0657264276, 324.0059254793
 100.0515390143, 325.0541479220
 100.0533063871, 326.0684596381
 100.0658802845, 327.6075370801
 100.0409519912, 327.9923044008
 100.0332796696, 329.3416089323
 100.0258710062, 330.7673130421
 100.0302140160, 332.3148528346
 100.0559881331, 333.3731913882
 100.0378912489, 335.2902677661
 100.0618036103, 336.8053088446
 100.0572734246, 338.2956040419
 100.0594455673, 340.5766274074
 100.0461023868, 341.7442237925
 100.1091534073, 342.6338326368
 100.0961179857, 344.6233606802
 100.4669864099, 344.7035083965
 100.2109860295, 345.5970358963
 100.0564535995, 351.3486692731
 100.0281922792, 356.8240412682
 100.0178574892, 358.4269463184
 100.0129434547,   0.9688244592
 100.0194660909,   1.5278590413
 100.0219571009,   3.0916161743
 100.0223320544,   5.8709995148
 100.0232668775,   8.8073056163
 100.0265671260,  11.9649620028
 100.0254096631,  15.2093886028
 100.0273201258,  18.6710234007
 100.0297710617,  22.2591624498
 100.0288970597,  26.1480043735
 100.0333734131,  30.2215577398
 100.0366130586,  34.5503360375
 100.0403049093,  39.0392150659
 100.0364560725,  43.7990783651
 100.0519930818,  48.7970789118
 100.0766861489,  54.0954346511
 100.0579200427,  59.7301499364
 100.0569365662,  65.8929143180
 100.0960483255,  71.3363817700
 100.1298022002,  77.7695735017
 100.0144018361,  88.6899393406
 100.0324134940,  91.5962178947
 100.0555994880,  95.9404196256
 100.0533166447, 102.0063708686
 100.0486318902, 107.8879466080
 100.0395780940, 113.5296243741
 100.0401822163, 118.8836380540
 100.0314338035, 123.8621619253
 100.0292439249, 128.4229097093
 100.0253374070, 132.6505084077
 100.0246806971, 136.5078659392
 100.0246898126, 139.9546891185
 100.0336622801, 142.9182891068
 100.0248002040, 145.7027432129
 100.0355770839, 147.6351126584
 100.0511232648, 149.8323236351
##END
