##TITLE= COOP pulse, rf 20 kHz, bw 100 kHz, Sam Asami, sam.asami@tum.de
##JCAMP-DX= 
##DATA TYPE= Shape Data
##ORIGIN= OCTOPUS optimization software
##OWNER= <Sam Asami>
##DATE= 20160404
##TIME= 174203.832
##$SHAPE_PARAMETERS= Nominal RF (Hz):    20000.000
##MINX=   99.999792138269925         
##MAXX=   100.62279407793154         
##MINY=  0.96882445916441029         
##MAXY=   359.89418954233861         
##$SHAPE_EXMODE= Excitation
##$SHAPE_TOTROT=   90.000000000000000         
##$SHAPE_TYPE= Excitation
##$SHAPE_USER_DEF=
##$SHAPE_REPHFAC=
##$SHAPE_BWFAC=   6.0000000000000000         
##$SHAPE_BWFAC50=
##$SHAPE_INTEGFAC= 0.41666667
##$SHAPE_MODE= 0
##NPOINTS=300   
##XYPOINTS= (XY..XY)
 100.0753098539, 306.1579467453
 100.0704835916, 306.1052979785
 100.0614677842, 305.9276417005
 100.0523344450, 305.6276765728
 100.0506421458, 304.9590347358
 100.0484927384, 304.1573113838
 100.0482807153, 302.9013269307
 100.0476587340, 301.4368755976
 100.0520128454, 299.6124458455
 100.0483254215, 297.4880907491
 100.0515004230, 294.8555587866
 100.0519830284, 291.7916865177
 100.0519991459, 288.2236678117
 100.0545991994, 283.9828077145
 100.0555804199, 279.1748567953
 100.0582359019, 273.6160590167
 100.0512591484, 268.1479828849
 100.0639185153, 262.0435302919
 100.1758949039, 252.8093718730
 100.2534602569, 241.8277160777
 100.0630581853, 236.4103855864
 100.0741540424, 228.0057378375
 100.0720662874, 220.1816906321
 100.0670153285, 212.9946722813
 100.0653520445, 206.1494851476
 100.0651576068, 200.0557822266
 100.0631957810, 194.6961148605
 100.0594982657, 189.9179788581
 100.0588323523, 185.6940915232
 100.0526854561, 182.1554662019
 100.0150243792, 181.0023300477
 100.0041132935, 179.4761038372
 100.0773856182, 171.5364101254
 100.0600995292, 174.0419518369
 100.0260610751, 177.5105466236
 100.2315593613, 162.1265559545
 100.1000872052, 163.6756306512
 100.3013151424, 162.7244605065
 100.0963386864, 161.3200782772
 100.0539575070, 160.6489802385
 100.1234473164, 158.9569841320
 100.0597309450, 158.6130799654
 100.0618058611, 156.8532444396
 100.0700345189, 155.9629445296
 100.0700469412, 154.8396857821
 100.0531185489, 153.6224554222
 100.0607334159, 152.6715370101
 100.0454003834, 151.9947317380
 100.0665646702, 150.8308481556
 100.0519594553, 150.0509655394
 100.0527773954, 149.2462380628
 100.1363161810, 148.5567295116
 100.0503545769, 147.6786711730
 100.0510724372, 147.0084339376
 100.0681480683, 146.3113004898
 100.0838378418, 145.3999891612
 100.0868099084, 144.7396811627
 100.0998752081, 143.9428606592
 100.0591213040, 143.1355017023
 100.0523180056, 142.5521608911
 100.0535864832, 141.8198852591
 100.0548956360, 141.0762303439
 100.0550263255, 140.2294611240
 100.0657839151, 139.4127791605
 100.0672014098, 138.6735356180
 100.0743329176, 138.0101844729
 100.0884148974, 137.1435316952
 100.0751261391, 136.4120449589
 100.0537796632, 135.4584680600
 100.0582506260, 134.7750976207
 100.0520237499, 133.9156274042
 100.0566351231, 133.0170756812
 100.0571981738, 132.1962357773
 100.0514942057, 131.4027468316
 100.0557597190, 130.4708947337
 100.0561226653, 129.5731229194
 100.0497094622, 128.6215474590
 100.0509523681, 127.6484040176
 100.0495162496, 126.6508282308
 100.0463528855, 125.7116333287
 100.0452510030, 124.6601189688
 100.0449898501, 123.5536083733
 100.0456083944, 122.4930694324
 100.0484489285, 121.5321611389
 100.0549872226, 120.5478189412
 100.0446430579, 119.3024662976
 100.0461374341, 118.0363996928
 100.0446459887, 116.8760292709
 100.0657741269, 115.9437212765
 100.0441475938, 114.4700244644
 100.0427948740, 113.2533805914
 100.0430438731, 111.9022612339
 100.0418436169, 110.6404091793
 100.0498341275, 109.4940643601
 100.0463072590, 108.0957176423
 100.0431678440, 106.6633966531
 100.0421408589, 105.2644260388
 100.0418745331, 103.8068605140
 100.0450497939, 102.4526105998
 100.0400121046, 100.8805705800
 100.0421576253,  99.4475674863
 100.0406281687,  97.9070486822
 100.0402867005,  96.3869688567
 100.0404260202,  94.8792657052
 100.0434607968,  93.4333465220
 100.0370112869,  92.1106052046
 100.0262503070,  91.9205412745
 100.0184549695,  91.2413730267
 100.0112577064,  90.8609072782
 100.0148116444,  89.0121207489
 100.0170354155,  87.4436602817
 100.1134567921,  83.0818797318
 100.0935682033,  81.8805430725
 100.1861933681,  76.9896820592
 100.3234040675,  72.5026602830
 100.2932568832,  76.5958185644
 100.1302561663,  74.8167088786
 100.2265205575,  72.5607969682
 100.1504956156,  71.8836361766
 100.1861677763,  70.5361971552
 100.0834990307,  68.5889500545
 100.0907561273,  67.2596821517
 100.0922615190,  65.7011400056
 100.0553526314,  63.6429991166
 100.0795517209,  62.3948978235
 100.0538852270,  61.2609793423
 100.0624644805,  59.6777994509
 100.0539165017,  58.2747341099
 100.0759225596,  57.5005237104
 100.0509396163,  56.4901408880
 100.0548482905,  55.1218870045
 100.0745148632,  54.1464331353
 100.0444223359,  52.9092609441
 100.0487673722,  51.9554266242
 100.0433446140,  51.0013862320
 100.0553335734,  49.9231084035
 100.0559336185,  49.0924708592
 100.0464606327,  48.4993954303
 100.0474339652,  47.7491871234
 100.0571232151,  47.0409005328
 100.0525883205,  46.2435253594
 100.0366139838,  45.6813130588
 100.0440754374,  45.2069281353
 100.0331714328,  44.6908997752
 100.0352762589,  44.3303377252
 100.0326716692,  43.9240911264
 100.0329875216,  43.6280551770
 100.0342922180,  43.4104482396
 100.0399500499,  43.3992937310
 100.0333861940,  43.2582319237
 100.0327280760,  43.2293311833
 100.0322085324,  43.2773670176
 100.0404773707,  43.4858254794
 100.0328027467,  43.5473553201
 100.0363044039,  43.7937372427
 100.0320793548,  44.1939386717
 100.0337525448,  44.6677354703
 100.0370811257,  45.1379140052
 100.0355122969,  45.6737695258
 100.0319091124,  46.4425084988
 100.0402726060,  47.3034738012
 100.0383150873,  48.0958834295
 100.0342983209,  49.0051788695
 100.0453035366,  50.1659470001
 100.0490220469,  51.2582453297
 100.0349602600,  52.3741515899
 100.0374365070,  53.7107747348
 100.0346177981,  55.2949909763
 100.0311106410,  56.7695526517
 100.0857558068,  58.3645547279
 100.0374858623,  59.5937589670
 100.0964950809,  61.2545085840
 100.0352707571,  63.1752744511
 100.0719393733,  65.4550104747
 100.0581784633,  67.5446992849
 100.0435869235,  69.3360743639
 100.1117568796,  71.8479462032
 100.1095971267,  72.5632008266
 100.1881130235,  75.4286612327
 100.1412265344,  78.4825390920
 100.2127305312,  79.3024618667
 100.0435159366,  80.8463966289
 100.0507878988,  82.7045122107
 100.0455503250,  85.3212875935
 100.0020403935,  90.3757660870
 100.0204562719,  91.1886634589
 100.0270126232,  91.7496398136
 100.0315693265,  92.6944120266
 100.0302690967,  94.3630945675
 100.0301177018,  96.0690371173
 100.0351535801,  97.8362115096
 100.0326286623,  99.4705557342
 100.0289358433, 100.9912454488
 100.0307659421, 102.6092899767
 100.0351323941, 104.1502549342
 100.0291573410, 105.4608742751
 100.0390932962, 107.0604291524
 100.0344803467, 108.3596228525
 100.0325567819, 109.6748812786
 100.0299333728, 110.9220646400
 100.0304232243, 112.0113943385
 100.0294000312, 113.3383067879
 100.0419287323, 114.7316669134
 100.0540261902, 115.9585384320
 100.0383778344, 116.6841299967
 100.0301960683, 117.9375770745
 100.0412888924, 119.0307822745
 100.0412305588, 120.1423747297
 100.0485381955, 121.1738625073
 100.0365969162, 122.0891672626
 100.0422137683, 123.1068283510
 100.0288202849, 123.7980093695
 100.0426722299, 124.8029583690
 100.0523829581, 125.7078521531
 100.0521546146, 126.6417697170
 100.0321458550, 127.4833137464
 100.0284052648, 128.4267194611
 100.0293700450, 129.2901586762
 100.0407694872, 130.0100514336
 100.0366558355, 131.1106044781
 100.0399817591, 132.0946864100
 100.0300497395, 132.7021873740
 100.0305995826, 133.6664232384
 100.0324799087, 134.5351510607
 100.0333008808, 135.3550888484
 100.0353266233, 136.2843638406
 100.0724931604, 137.0501174696
 100.0371426559, 138.0401746483
 100.0285750827, 138.8176078890
 100.0586559813, 139.6557192460
 100.0379105209, 140.6201751541
 100.0719120366, 141.6193354386
 100.0763461163, 142.3263352557
 100.0345583568, 143.3908342101
 100.0494173656, 144.5034696099
 100.0574218493, 145.7543243322
 100.0665736620, 146.2393014570
 100.1341342263, 147.7968999066
 100.0503908132, 148.2534249090
 100.1582201363, 148.9820466823
 100.0314809373, 150.4766948730
 100.0509028679, 151.6451188651
 100.0756395269, 152.6463085368
 100.0569870575, 153.6608014533
 100.0465563546, 155.3449301172
 100.0572546223, 156.8432038580
 100.0955285438, 157.8761283401
 100.0652057219, 159.2451275447
 100.1758057292, 161.5987406874
 100.0898328796, 162.2132589770
 100.3179342066, 161.7173607501
 100.2685121942, 164.5453471574
 100.1681754415, 166.7878141858
 100.0975616373, 165.6035371990
 100.2788071309, 168.5414805220
 100.0484724823, 171.0355876114
 100.0287135395, 175.0703856270
 100.0137817050, 178.2507222270
 100.0142833637, 180.9711310254
 100.0206607463, 181.2786522891
 100.0370912148, 182.3811965131
 100.0357253885, 184.5804987373
 100.0375668874, 187.1385872549
 100.0379944215, 189.8214095041
 100.0400979665, 192.6774000030
 100.0384231964, 195.6593524310
 100.0400306525, 198.8306899267
 100.0380184777, 202.1583618810
 100.0367559588, 205.6396791157
 100.0400878973, 209.3466261011
 100.0359970083, 213.2135264657
 100.0383356657, 217.3134740491
 100.0356962255, 221.5072368189
 100.0354588963, 225.9239109668
 100.0500797105, 230.4628233042
 100.0577683096, 235.3003407588
 100.0436593946, 239.8771339804
 100.0407709920, 245.3152856537
 100.0421328648, 250.6032846922
 100.0930132184, 253.2469073331
 100.0502019558, 261.3622174348
 100.0238261268, 268.7492270693
 100.0349170688, 271.5138650061
 100.0414294597, 276.2566467417
 100.0397950782, 281.4732208384
 100.0420168258, 286.6915441560
 100.0394156639, 291.9078499232
 100.0439805298, 297.1605399973
 100.0396033472, 302.3660645050
 100.0430505248, 307.6348675749
 100.0375391322, 312.9619043057
 100.0488106668, 318.3218154245
 100.0513755844, 323.8012538548
 100.0514717165, 329.5620975582
 100.1334712337, 335.6058887721
 100.2074853444, 341.4229804386
 100.1500185977, 342.9496059532
 100.0499099298, 356.0404301865
 100.0367528542,   1.5545509595
 100.1812311458,   4.3865507845
##END
