##TITLE= 
##JCAMP-DX= 5.00 Bruker JCAMP library
##DATA TYPE= Shape Data
##ORIGIN= Bruker BioSpin GmbH
##OWNER= <BRUKER>
##DATE= 2006/10/05
##TIME= 08:29:10
##$SHAPE_PARAMETERS= Type: Ramp ; Start Amplitude 40.0 ; End Amplitude 60.0
##MINX= 4.000000E01
##MAXX= 6.000000E01
##MINY= 0.000000E00
##MAXY= 0.000000E00
##$SHAPE_EXMODE= Excitation
##$SHAPE_TOTROT= 9.000000E01
##$SHAPE_TYPE= Excitation
##$SHAPE_USER_DEF= 
##$SHAPE_REPHFAC= 
##$SHAPE_BWFAC= 1.128000E00
##$SHAPE_BWFAC50= 
##$SHAPE_INTEGFAC= 5.000000E-01
##$SHAPE_MODE= 0
##NPOINTS= 100
##XYPOINTS= (XY..XY)
4.000000E01, 0.000000E00
4.020202E01, 0.000000E00
4.040404E01, 0.000000E00
4.060606E01, 0.000000E00
4.080808E01, 0.000000E00
4.101010E01, 0.000000E00
4.121212E01, 0.000000E00
4.141414E01, 0.000000E00
4.161616E01, 0.000000E00
4.181818E01, 0.000000E00
4.202020E01, 0.000000E00
4.222222E01, 0.000000E00
4.242424E01, 0.000000E00
4.262626E01, 0.000000E00
4.282828E01, 0.000000E00
4.303030E01, 0.000000E00
4.323232E01, 0.000000E00
4.343434E01, 0.000000E00
4.363636E01, 0.000000E00
4.383838E01, 0.000000E00
4.404040E01, 0.000000E00
4.424242E01, 0.000000E00
4.444444E01, 0.000000E00
4.464646E01, 0.000000E00
4.484848E01, 0.000000E00
4.505051E01, 0.000000E00
4.525253E01, 0.000000E00
4.545455E01, 0.000000E00
4.565657E01, 0.000000E00
4.585859E01, 0.000000E00
4.606061E01, 0.000000E00
4.626263E01, 0.000000E00
4.646465E01, 0.000000E00
4.666667E01, 0.000000E00
4.686869E01, 0.000000E00
4.707071E01, 0.000000E00
4.727273E01, 0.000000E00
4.747475E01, 0.000000E00
4.767677E01, 0.000000E00
4.787879E01, 0.000000E00
4.808081E01, 0.000000E00
4.828283E01, 0.000000E00
4.848485E01, 0.000000E00
4.868687E01, 0.000000E00
4.888889E01, 0.000000E00
4.909091E01, 0.000000E00
4.929293E01, 0.000000E00
4.949495E01, 0.000000E00
4.969697E01, 0.000000E00
4.989899E01, 0.000000E00
5.010101E01, 0.000000E00
5.030303E01, 0.000000E00
5.050505E01, 0.000000E00
5.070707E01, 0.000000E00
5.090909E01, 0.000000E00
5.111111E01, 0.000000E00
5.131313E01, 0.000000E00
5.151515E01, 0.000000E00
5.171717E01, 0.000000E00
5.191919E01, 0.000000E00
5.212121E01, 0.000000E00
5.232323E01, 0.000000E00
5.252525E01, 0.000000E00
5.272727E01, 0.000000E00
5.292929E01, 0.000000E00
5.313131E01, 0.000000E00
5.333333E01, 0.000000E00
5.353535E01, 0.000000E00
5.373737E01, 0.000000E00
5.393939E01, 0.000000E00
5.414141E01, 0.000000E00
5.434343E01, 0.000000E00
5.454545E01, 0.000000E00
5.474747E01, 0.000000E00
5.494949E01, 0.000000E00
5.515152E01, 0.000000E00
5.535354E01, 0.000000E00
5.555556E01, 0.000000E00
5.575758E01, 0.000000E00
5.595960E01, 0.000000E00
5.616162E01, 0.000000E00
5.636364E01, 0.000000E00
5.656566E01, 0.000000E00
5.676768E01, 0.000000E00
5.696970E01, 0.000000E00
5.717172E01, 0.000000E00
5.737374E01, 0.000000E00
5.757576E01, 0.000000E00
5.777778E01, 0.000000E00
5.797980E01, 0.000000E00
5.818182E01, 0.000000E00
5.838384E01, 0.000000E00
5.858586E01, 0.000000E00
5.878788E01, 0.000000E00
5.898990E01, 0.000000E00
5.919192E01, 0.000000E00
5.939394E01, 0.000000E00
5.959596E01, 0.000000E00
5.979798E01, 0.000000E00
6.000000E01, 0.000000E00
##END
