##TITLE= 
##JCAMP-DX= 5.00 Bruker JCAMP library
##DATA TYPE= Shape Data
##ORIGIN= Bruker BioSpin GmbH
##OWNER= <BRUKER>
##DATE= 2006/10/05
##TIME= 10:09:36
##$SHAPE_PARAMETERS= Type: Ramp ; Start Amplitude 35.0 ; End Amplitude 65.0
##MINX= 3.500000E01
##MAXX= 6.500000E01
##MINY= 0.000000E00
##MAXY= 0.000000E00
##$SHAPE_EXMODE= Excitation
##$SHAPE_TOTROT= 9.000000E01
##$SHAPE_TYPE= Excitation
##$SHAPE_USER_DEF= 
##$SHAPE_REPHFAC= 
##$SHAPE_BWFAC= 1.142000E00
##$SHAPE_BWFAC50= 
##$SHAPE_INTEGFAC= 5.000000E-01
##$SHAPE_MODE= 0
##NPOINTS= 100
##XYPOINTS= (XY..XY)
3.500000E01, 0.000000E00
3.530303E01, 0.000000E00
3.560606E01, 0.000000E00
3.590909E01, 0.000000E00
3.621212E01, 0.000000E00
3.651515E01, 0.000000E00
3.681818E01, 0.000000E00
3.712121E01, 0.000000E00
3.742424E01, 0.000000E00
3.772727E01, 0.000000E00
3.803030E01, 0.000000E00
3.833333E01, 0.000000E00
3.863636E01, 0.000000E00
3.893939E01, 0.000000E00
3.924242E01, 0.000000E00
3.954545E01, 0.000000E00
3.984848E01, 0.000000E00
4.015152E01, 0.000000E00
4.045455E01, 0.000000E00
4.075758E01, 0.000000E00
4.106061E01, 0.000000E00
4.136364E01, 0.000000E00
4.166667E01, 0.000000E00
4.196970E01, 0.000000E00
4.227273E01, 0.000000E00
4.257576E01, 0.000000E00
4.287879E01, 0.000000E00
4.318182E01, 0.000000E00
4.348485E01, 0.000000E00
4.378788E01, 0.000000E00
4.409091E01, 0.000000E00
4.439394E01, 0.000000E00
4.469697E01, 0.000000E00
4.500000E01, 0.000000E00
4.530303E01, 0.000000E00
4.560606E01, 0.000000E00
4.590909E01, 0.000000E00
4.621212E01, 0.000000E00
4.651515E01, 0.000000E00
4.681818E01, 0.000000E00
4.712121E01, 0.000000E00
4.742424E01, 0.000000E00
4.772727E01, 0.000000E00
4.803030E01, 0.000000E00
4.833333E01, 0.000000E00
4.863636E01, 0.000000E00
4.893939E01, 0.000000E00
4.924242E01, 0.000000E00
4.954545E01, 0.000000E00
4.984848E01, 0.000000E00
5.015152E01, 0.000000E00
5.045455E01, 0.000000E00
5.075758E01, 0.000000E00
5.106061E01, 0.000000E00
5.136364E01, 0.000000E00
5.166667E01, 0.000000E00
5.196970E01, 0.000000E00
5.227273E01, 0.000000E00
5.257576E01, 0.000000E00
5.287879E01, 0.000000E00
5.318182E01, 0.000000E00
5.348485E01, 0.000000E00
5.378788E01, 0.000000E00
5.409091E01, 0.000000E00
5.439394E01, 0.000000E00
5.469697E01, 0.000000E00
5.500000E01, 0.000000E00
5.530303E01, 0.000000E00
5.560606E01, 0.000000E00
5.590909E01, 0.000000E00
5.621212E01, 0.000000E00
5.651515E01, 0.000000E00
5.681818E01, 0.000000E00
5.712121E01, 0.000000E00
5.742424E01, 0.000000E00
5.772727E01, 0.000000E00
5.803030E01, 0.000000E00
5.833333E01, 0.000000E00
5.863636E01, 0.000000E00
5.893939E01, 0.000000E00
5.924242E01, 0.000000E00
5.954545E01, 0.000000E00
5.984848E01, 0.000000E00
6.015152E01, 0.000000E00
6.045455E01, 0.000000E00
6.075758E01, 0.000000E00
6.106061E01, 0.000000E00
6.136364E01, 0.000000E00
6.166667E01, 0.000000E00
6.196970E01, 0.000000E00
6.227273E01, 0.000000E00
6.257576E01, 0.000000E00
6.287879E01, 0.000000E00
6.318182E01, 0.000000E00
6.348485E01, 0.000000E00
6.378788E01, 0.000000E00
6.409091E01, 0.000000E00
6.439394E01, 0.000000E00
6.469697E01, 0.000000E00
6.500000E01, 0.000000E00
##END
