##TITLE= exp/stan/nmr/lists/wave/tacn5500
##JCAMP-DX= 5.00 Bruker JCAMP library
##DATA TYPE= Shape Data
##ORIGIN= Bruker BioSpin GmbH
##OWNER= <BRUKER>
##DATE= 2006/10/23
##TIME= 16:48:07
##$SHAPE_PARAMETERS= Type: TangAmplitudeMod ; delta MAS 5500.0 ; dipolar coupling 300.0 ; RF field at match 30000.0 ; Ampl. Scaling Factor [%] 50.0
##MINX= 4.083333E01
##MAXX= 5.916667E01
##MINY= 0.000000E00
##MAXY= 0.000000E00
##$SHAPE_EXMODE= Excitation
##$SHAPE_TOTROT= 9.000000E01
##$SHAPE_TYPE= Excitation
##$SHAPE_USER_DEF= 
##$SHAPE_REPHFAC= 
##$SHAPE_BWFAC= 1.118000E00
##$SHAPE_BWFAC50= 
##$SHAPE_INTEGFAC= 5.000000E-01
##$SHAPE_MODE= 0
##NPOINTS= 1000
##XYPOINTS= (XY..XY)
4.083333E01, 0.000000E00
4.131803E01, 0.000000E00
4.175420E01, 0.000000E00
4.214877E01, 0.000000E00
4.250744E01, 0.000000E00
4.283489E01, 0.000000E00
4.313505E01, 0.000000E00
4.341118E01, 0.000000E00
4.366607E01, 0.000000E00
4.390209E01, 0.000000E00
4.412125E01, 0.000000E00
4.432531E01, 0.000000E00
4.451577E01, 0.000000E00
4.469396E01, 0.000000E00
4.486103E01, 0.000000E00
4.501799E01, 0.000000E00
4.516573E01, 0.000000E00
4.530505E01, 0.000000E00
4.543664E01, 0.000000E00
4.556114E01, 0.000000E00
4.567910E01, 0.000000E00
4.579104E01, 0.000000E00
4.589739E01, 0.000000E00
4.599858E01, 0.000000E00
4.609497E01, 0.000000E00
4.618689E01, 0.000000E00
4.627465E01, 0.000000E00
4.635853E01, 0.000000E00
4.643878E01, 0.000000E00
4.651563E01, 0.000000E00
4.658930E01, 0.000000E00
4.665998E01, 0.000000E00
4.672786E01, 0.000000E00
4.679308E01, 0.000000E00
4.685582E01, 0.000000E00
4.691620E01, 0.000000E00
4.697437E01, 0.000000E00
4.703044E01, 0.000000E00
4.708452E01, 0.000000E00
4.713672E01, 0.000000E00
4.718714E01, 0.000000E00
4.723586E01, 0.000000E00
4.728297E01, 0.000000E00
4.732856E01, 0.000000E00
4.737269E01, 0.000000E00
4.741543E01, 0.000000E00
4.745686E01, 0.000000E00
4.749702E01, 0.000000E00
4.753598E01, 0.000000E00
4.757380E01, 0.000000E00
4.761051E01, 0.000000E00
4.764618E01, 0.000000E00
4.768084E01, 0.000000E00
4.771454E01, 0.000000E00
4.774731E01, 0.000000E00
4.777920E01, 0.000000E00
4.781025E01, 0.000000E00
4.784047E01, 0.000000E00
4.786992E01, 0.000000E00
4.789861E01, 0.000000E00
4.792658E01, 0.000000E00
4.795386E01, 0.000000E00
4.798047E01, 0.000000E00
4.800643E01, 0.000000E00
4.803177E01, 0.000000E00
4.805651E01, 0.000000E00
4.808067E01, 0.000000E00
4.810428E01, 0.000000E00
4.812735E01, 0.000000E00
4.814991E01, 0.000000E00
4.817196E01, 0.000000E00
4.819352E01, 0.000000E00
4.821462E01, 0.000000E00
4.823527E01, 0.000000E00
4.825548E01, 0.000000E00
4.827527E01, 0.000000E00
4.829464E01, 0.000000E00
4.831362E01, 0.000000E00
4.833221E01, 0.000000E00
4.835043E01, 0.000000E00
4.836829E01, 0.000000E00
4.838580E01, 0.000000E00
4.840297E01, 0.000000E00
4.841981E01, 0.000000E00
4.843633E01, 0.000000E00
4.845254E01, 0.000000E00
4.846845E01, 0.000000E00
4.848406E01, 0.000000E00
4.849939E01, 0.000000E00
4.851444E01, 0.000000E00
4.852922E01, 0.000000E00
4.854375E01, 0.000000E00
4.855801E01, 0.000000E00
4.857203E01, 0.000000E00
4.858581E01, 0.000000E00
4.859935E01, 0.000000E00
4.861267E01, 0.000000E00
4.862576E01, 0.000000E00
4.863864E01, 0.000000E00
4.865130E01, 0.000000E00
4.866376E01, 0.000000E00
4.867602E01, 0.000000E00
4.868808E01, 0.000000E00
4.869996E01, 0.000000E00
4.871164E01, 0.000000E00
4.872315E01, 0.000000E00
4.873448E01, 0.000000E00
4.874563E01, 0.000000E00
4.875662E01, 0.000000E00
4.876744E01, 0.000000E00
4.877810E01, 0.000000E00
4.878861E01, 0.000000E00
4.879896E01, 0.000000E00
4.880916E01, 0.000000E00
4.881922E01, 0.000000E00
4.882913E01, 0.000000E00
4.883890E01, 0.000000E00
4.884853E01, 0.000000E00
4.885804E01, 0.000000E00
4.886741E01, 0.000000E00
4.887665E01, 0.000000E00
4.888577E01, 0.000000E00
4.889476E01, 0.000000E00
4.890364E01, 0.000000E00
4.891239E01, 0.000000E00
4.892103E01, 0.000000E00
4.892956E01, 0.000000E00
4.893798E01, 0.000000E00
4.894630E01, 0.000000E00
4.895450E01, 0.000000E00
4.896261E01, 0.000000E00
4.897061E01, 0.000000E00
4.897851E01, 0.000000E00
4.898631E01, 0.000000E00
4.899402E01, 0.000000E00
4.900164E01, 0.000000E00
4.900916E01, 0.000000E00
4.901660E01, 0.000000E00
4.902394E01, 0.000000E00
4.903120E01, 0.000000E00
4.903837E01, 0.000000E00
4.904546E01, 0.000000E00
4.905247E01, 0.000000E00
4.905940E01, 0.000000E00
4.906625E01, 0.000000E00
4.907303E01, 0.000000E00
4.907972E01, 0.000000E00
4.908634E01, 0.000000E00
4.909289E01, 0.000000E00
4.909937E01, 0.000000E00
4.910578E01, 0.000000E00
4.911212E01, 0.000000E00
4.911839E01, 0.000000E00
4.912459E01, 0.000000E00
4.913073E01, 0.000000E00
4.913680E01, 0.000000E00
4.914281E01, 0.000000E00
4.914876E01, 0.000000E00
4.915465E01, 0.000000E00
4.916047E01, 0.000000E00
4.916624E01, 0.000000E00
4.917195E01, 0.000000E00
4.917760E01, 0.000000E00
4.918320E01, 0.000000E00
4.918874E01, 0.000000E00
4.919423E01, 0.000000E00
4.919966E01, 0.000000E00
4.920504E01, 0.000000E00
4.921037E01, 0.000000E00
4.921565E01, 0.000000E00
4.922088E01, 0.000000E00
4.922605E01, 0.000000E00
4.923119E01, 0.000000E00
4.923627E01, 0.000000E00
4.924130E01, 0.000000E00
4.924629E01, 0.000000E00
4.925124E01, 0.000000E00
4.925614E01, 0.000000E00
4.926099E01, 0.000000E00
4.926580E01, 0.000000E00
4.927057E01, 0.000000E00
4.927530E01, 0.000000E00
4.927999E01, 0.000000E00
4.928463E01, 0.000000E00
4.928924E01, 0.000000E00
4.929380E01, 0.000000E00
4.929833E01, 0.000000E00
4.930282E01, 0.000000E00
4.930727E01, 0.000000E00
4.931168E01, 0.000000E00
4.931605E01, 0.000000E00
4.932039E01, 0.000000E00
4.932470E01, 0.000000E00
4.932897E01, 0.000000E00
4.933320E01, 0.000000E00
4.933740E01, 0.000000E00
4.934157E01, 0.000000E00
4.934570E01, 0.000000E00
4.934980E01, 0.000000E00
4.935387E01, 0.000000E00
4.935791E01, 0.000000E00
4.936191E01, 0.000000E00
4.936589E01, 0.000000E00
4.936983E01, 0.000000E00
4.937375E01, 0.000000E00
4.937763E01, 0.000000E00
4.938148E01, 0.000000E00
4.938531E01, 0.000000E00
4.938911E01, 0.000000E00
4.939288E01, 0.000000E00
4.939662E01, 0.000000E00
4.940033E01, 0.000000E00
4.940402E01, 0.000000E00
4.940768E01, 0.000000E00
4.941132E01, 0.000000E00
4.941493E01, 0.000000E00
4.941851E01, 0.000000E00
4.942207E01, 0.000000E00
4.942560E01, 0.000000E00
4.942911E01, 0.000000E00
4.943260E01, 0.000000E00
4.943606E01, 0.000000E00
4.943949E01, 0.000000E00
4.944291E01, 0.000000E00
4.944630E01, 0.000000E00
4.944966E01, 0.000000E00
4.945301E01, 0.000000E00
4.945633E01, 0.000000E00
4.945963E01, 0.000000E00
4.946291E01, 0.000000E00
4.946617E01, 0.000000E00
4.946941E01, 0.000000E00
4.947263E01, 0.000000E00
4.947582E01, 0.000000E00
4.947900E01, 0.000000E00
4.948216E01, 0.000000E00
4.948529E01, 0.000000E00
4.948841E01, 0.000000E00
4.949151E01, 0.000000E00
4.949458E01, 0.000000E00
4.949764E01, 0.000000E00
4.950068E01, 0.000000E00
4.950371E01, 0.000000E00
4.950671E01, 0.000000E00
4.950970E01, 0.000000E00
4.951266E01, 0.000000E00
4.951562E01, 0.000000E00
4.951855E01, 0.000000E00
4.952147E01, 0.000000E00
4.952437E01, 0.000000E00
4.952725E01, 0.000000E00
4.953012E01, 0.000000E00
4.953297E01, 0.000000E00
4.953580E01, 0.000000E00
4.953862E01, 0.000000E00
4.954142E01, 0.000000E00
4.954421E01, 0.000000E00
4.954698E01, 0.000000E00
4.954973E01, 0.000000E00
4.955248E01, 0.000000E00
4.955520E01, 0.000000E00
4.955791E01, 0.000000E00
4.956061E01, 0.000000E00
4.956329E01, 0.000000E00
4.956596E01, 0.000000E00
4.956862E01, 0.000000E00
4.957126E01, 0.000000E00
4.957388E01, 0.000000E00
4.957650E01, 0.000000E00
4.957910E01, 0.000000E00
4.958169E01, 0.000000E00
4.958426E01, 0.000000E00
4.958682E01, 0.000000E00
4.958937E01, 0.000000E00
4.959190E01, 0.000000E00
4.959443E01, 0.000000E00
4.959694E01, 0.000000E00
4.959943E01, 0.000000E00
4.960192E01, 0.000000E00
4.960439E01, 0.000000E00
4.960686E01, 0.000000E00
4.960931E01, 0.000000E00
4.961174E01, 0.000000E00
4.961417E01, 0.000000E00
4.961659E01, 0.000000E00
4.961899E01, 0.000000E00
4.962139E01, 0.000000E00
4.962377E01, 0.000000E00
4.962614E01, 0.000000E00
4.962850E01, 0.000000E00
4.963085E01, 0.000000E00
4.963319E01, 0.000000E00
4.963552E01, 0.000000E00
4.963784E01, 0.000000E00
4.964015E01, 0.000000E00
4.964245E01, 0.000000E00
4.964474E01, 0.000000E00
4.964702E01, 0.000000E00
4.964929E01, 0.000000E00
4.965155E01, 0.000000E00
4.965380E01, 0.000000E00
4.965604E01, 0.000000E00
4.965827E01, 0.000000E00
4.966049E01, 0.000000E00
4.966270E01, 0.000000E00
4.966491E01, 0.000000E00
4.966710E01, 0.000000E00
4.966929E01, 0.000000E00
4.967147E01, 0.000000E00
4.967364E01, 0.000000E00
4.967580E01, 0.000000E00
4.967795E01, 0.000000E00
4.968009E01, 0.000000E00
4.968223E01, 0.000000E00
4.968435E01, 0.000000E00
4.968647E01, 0.000000E00
4.968858E01, 0.000000E00
4.969069E01, 0.000000E00
4.969278E01, 0.000000E00
4.969487E01, 0.000000E00
4.969695E01, 0.000000E00
4.969902E01, 0.000000E00
4.970108E01, 0.000000E00
4.970314E01, 0.000000E00
4.970519E01, 0.000000E00
4.970723E01, 0.000000E00
4.970926E01, 0.000000E00
4.971129E01, 0.000000E00
4.971331E01, 0.000000E00
4.971533E01, 0.000000E00
4.971733E01, 0.000000E00
4.971933E01, 0.000000E00
4.972132E01, 0.000000E00
4.972331E01, 0.000000E00
4.972529E01, 0.000000E00
4.972726E01, 0.000000E00
4.972923E01, 0.000000E00
4.973119E01, 0.000000E00
4.973314E01, 0.000000E00
4.973509E01, 0.000000E00
4.973703E01, 0.000000E00
4.973896E01, 0.000000E00
4.974089E01, 0.000000E00
4.974281E01, 0.000000E00
4.974473E01, 0.000000E00
4.974664E01, 0.000000E00
4.974855E01, 0.000000E00
4.975044E01, 0.000000E00
4.975234E01, 0.000000E00
4.975423E01, 0.000000E00
4.975611E01, 0.000000E00
4.975798E01, 0.000000E00
4.975985E01, 0.000000E00
4.976172E01, 0.000000E00
4.976358E01, 0.000000E00
4.976543E01, 0.000000E00
4.976728E01, 0.000000E00
4.976913E01, 0.000000E00
4.977097E01, 0.000000E00
4.977280E01, 0.000000E00
4.977463E01, 0.000000E00
4.977645E01, 0.000000E00
4.977827E01, 0.000000E00
4.978008E01, 0.000000E00
4.978189E01, 0.000000E00
4.978370E01, 0.000000E00
4.978550E01, 0.000000E00
4.978729E01, 0.000000E00
4.978908E01, 0.000000E00
4.979087E01, 0.000000E00
4.979265E01, 0.000000E00
4.979443E01, 0.000000E00
4.979620E01, 0.000000E00
4.979797E01, 0.000000E00
4.979973E01, 0.000000E00
4.980149E01, 0.000000E00
4.980324E01, 0.000000E00
4.980499E01, 0.000000E00
4.980674E01, 0.000000E00
4.980848E01, 0.000000E00
4.981022E01, 0.000000E00
4.981196E01, 0.000000E00
4.981369E01, 0.000000E00
4.981541E01, 0.000000E00
4.981714E01, 0.000000E00
4.981885E01, 0.000000E00
4.982057E01, 0.000000E00
4.982228E01, 0.000000E00
4.982399E01, 0.000000E00
4.982569E01, 0.000000E00
4.982739E01, 0.000000E00
4.982909E01, 0.000000E00
4.983078E01, 0.000000E00
4.983247E01, 0.000000E00
4.983416E01, 0.000000E00
4.983584E01, 0.000000E00
4.983752E01, 0.000000E00
4.983920E01, 0.000000E00
4.984087E01, 0.000000E00
4.984254E01, 0.000000E00
4.984421E01, 0.000000E00
4.984587E01, 0.000000E00
4.984753E01, 0.000000E00
4.984919E01, 0.000000E00
4.985085E01, 0.000000E00
4.985250E01, 0.000000E00
4.985415E01, 0.000000E00
4.985579E01, 0.000000E00
4.985743E01, 0.000000E00
4.985907E01, 0.000000E00
4.986071E01, 0.000000E00
4.986234E01, 0.000000E00
4.986398E01, 0.000000E00
4.986561E01, 0.000000E00
4.986723E01, 0.000000E00
4.986885E01, 0.000000E00
4.987048E01, 0.000000E00
4.987209E01, 0.000000E00
4.987371E01, 0.000000E00
4.987532E01, 0.000000E00
4.987693E01, 0.000000E00
4.987854E01, 0.000000E00
4.988015E01, 0.000000E00
4.988175E01, 0.000000E00
4.988335E01, 0.000000E00
4.988495E01, 0.000000E00
4.988655E01, 0.000000E00
4.988815E01, 0.000000E00
4.988974E01, 0.000000E00
4.989133E01, 0.000000E00
4.989292E01, 0.000000E00
4.989450E01, 0.000000E00
4.989609E01, 0.000000E00
4.989767E01, 0.000000E00
4.989925E01, 0.000000E00
4.990083E01, 0.000000E00
4.990241E01, 0.000000E00
4.990398E01, 0.000000E00
4.990555E01, 0.000000E00
4.990713E01, 0.000000E00
4.990869E01, 0.000000E00
4.991026E01, 0.000000E00
4.991183E01, 0.000000E00
4.991339E01, 0.000000E00
4.991495E01, 0.000000E00
4.991652E01, 0.000000E00
4.991807E01, 0.000000E00
4.991963E01, 0.000000E00
4.992119E01, 0.000000E00
4.992274E01, 0.000000E00
4.992430E01, 0.000000E00
4.992585E01, 0.000000E00
4.992740E01, 0.000000E00
4.992895E01, 0.000000E00
4.993050E01, 0.000000E00
4.993204E01, 0.000000E00
4.993359E01, 0.000000E00
4.993513E01, 0.000000E00
4.993667E01, 0.000000E00
4.993822E01, 0.000000E00
4.993976E01, 0.000000E00
4.994130E01, 0.000000E00
4.994283E01, 0.000000E00
4.994437E01, 0.000000E00
4.994591E01, 0.000000E00
4.994744E01, 0.000000E00
4.994898E01, 0.000000E00
4.995051E01, 0.000000E00
4.995204E01, 0.000000E00
4.995357E01, 0.000000E00
4.995510E01, 0.000000E00
4.995663E01, 0.000000E00
4.995816E01, 0.000000E00
4.995969E01, 0.000000E00
4.996122E01, 0.000000E00
4.996274E01, 0.000000E00
4.996427E01, 0.000000E00
4.996580E01, 0.000000E00
4.996732E01, 0.000000E00
4.996884E01, 0.000000E00
4.997037E01, 0.000000E00
4.997189E01, 0.000000E00
4.997341E01, 0.000000E00
4.997493E01, 0.000000E00
4.997646E01, 0.000000E00
4.997798E01, 0.000000E00
4.997950E01, 0.000000E00
4.998102E01, 0.000000E00
4.998254E01, 0.000000E00
4.998406E01, 0.000000E00
4.998558E01, 0.000000E00
4.998710E01, 0.000000E00
4.998861E01, 0.000000E00
4.999013E01, 0.000000E00
4.999165E01, 0.000000E00
4.999317E01, 0.000000E00
4.999469E01, 0.000000E00
4.999621E01, 0.000000E00
4.999772E01, 0.000000E00
4.999924E01, 0.000000E00
5.000076E01, 0.000000E00
5.000228E01, 0.000000E00
5.000379E01, 0.000000E00
5.000531E01, 0.000000E00
5.000683E01, 0.000000E00
5.000835E01, 0.000000E00
5.000987E01, 0.000000E00
5.001139E01, 0.000000E00
5.001290E01, 0.000000E00
5.001442E01, 0.000000E00
5.001594E01, 0.000000E00
5.001746E01, 0.000000E00
5.001898E01, 0.000000E00
5.002050E01, 0.000000E00
5.002202E01, 0.000000E00
5.002354E01, 0.000000E00
5.002507E01, 0.000000E00
5.002659E01, 0.000000E00
5.002811E01, 0.000000E00
5.002963E01, 0.000000E00
5.003116E01, 0.000000E00
5.003268E01, 0.000000E00
5.003420E01, 0.000000E00
5.003573E01, 0.000000E00
5.003726E01, 0.000000E00
5.003878E01, 0.000000E00
5.004031E01, 0.000000E00
5.004184E01, 0.000000E00
5.004337E01, 0.000000E00
5.004490E01, 0.000000E00
5.004643E01, 0.000000E00
5.004796E01, 0.000000E00
5.004949E01, 0.000000E00
5.005102E01, 0.000000E00
5.005256E01, 0.000000E00
5.005409E01, 0.000000E00
5.005563E01, 0.000000E00
5.005717E01, 0.000000E00
5.005870E01, 0.000000E00
5.006024E01, 0.000000E00
5.006178E01, 0.000000E00
5.006333E01, 0.000000E00
5.006487E01, 0.000000E00
5.006641E01, 0.000000E00
5.006796E01, 0.000000E00
5.006950E01, 0.000000E00
5.007105E01, 0.000000E00
5.007260E01, 0.000000E00
5.007415E01, 0.000000E00
5.007570E01, 0.000000E00
5.007726E01, 0.000000E00
5.007881E01, 0.000000E00
5.008037E01, 0.000000E00
5.008193E01, 0.000000E00
5.008348E01, 0.000000E00
5.008505E01, 0.000000E00
5.008661E01, 0.000000E00
5.008817E01, 0.000000E00
5.008974E01, 0.000000E00
5.009131E01, 0.000000E00
5.009287E01, 0.000000E00
5.009445E01, 0.000000E00
5.009602E01, 0.000000E00
5.009759E01, 0.000000E00
5.009917E01, 0.000000E00
5.010075E01, 0.000000E00
5.010233E01, 0.000000E00
5.010391E01, 0.000000E00
5.010550E01, 0.000000E00
5.010708E01, 0.000000E00
5.010867E01, 0.000000E00
5.011026E01, 0.000000E00
5.011185E01, 0.000000E00
5.011345E01, 0.000000E00
5.011505E01, 0.000000E00
5.011665E01, 0.000000E00
5.011825E01, 0.000000E00
5.011985E01, 0.000000E00
5.012146E01, 0.000000E00
5.012307E01, 0.000000E00
5.012468E01, 0.000000E00
5.012629E01, 0.000000E00
5.012791E01, 0.000000E00
5.012952E01, 0.000000E00
5.013115E01, 0.000000E00
5.013277E01, 0.000000E00
5.013439E01, 0.000000E00
5.013602E01, 0.000000E00
5.013766E01, 0.000000E00
5.013929E01, 0.000000E00
5.014093E01, 0.000000E00
5.014257E01, 0.000000E00
5.014421E01, 0.000000E00
5.014585E01, 0.000000E00
5.014750E01, 0.000000E00
5.014915E01, 0.000000E00
5.015081E01, 0.000000E00
5.015247E01, 0.000000E00
5.015413E01, 0.000000E00
5.015579E01, 0.000000E00
5.015746E01, 0.000000E00
5.015913E01, 0.000000E00
5.016080E01, 0.000000E00
5.016248E01, 0.000000E00
5.016416E01, 0.000000E00
5.016584E01, 0.000000E00
5.016753E01, 0.000000E00
5.016922E01, 0.000000E00
5.017091E01, 0.000000E00
5.017261E01, 0.000000E00
5.017431E01, 0.000000E00
5.017601E01, 0.000000E00
5.017772E01, 0.000000E00
5.017943E01, 0.000000E00
5.018115E01, 0.000000E00
5.018286E01, 0.000000E00
5.018459E01, 0.000000E00
5.018631E01, 0.000000E00
5.018804E01, 0.000000E00
5.018978E01, 0.000000E00
5.019152E01, 0.000000E00
5.019326E01, 0.000000E00
5.019501E01, 0.000000E00
5.019676E01, 0.000000E00
5.019851E01, 0.000000E00
5.020027E01, 0.000000E00
5.020203E01, 0.000000E00
5.020380E01, 0.000000E00
5.020557E01, 0.000000E00
5.020735E01, 0.000000E00
5.020913E01, 0.000000E00
5.021092E01, 0.000000E00
5.021271E01, 0.000000E00
5.021450E01, 0.000000E00
5.021630E01, 0.000000E00
5.021811E01, 0.000000E00
5.021992E01, 0.000000E00
5.022173E01, 0.000000E00
5.022355E01, 0.000000E00
5.022537E01, 0.000000E00
5.022720E01, 0.000000E00
5.022903E01, 0.000000E00
5.023087E01, 0.000000E00
5.023272E01, 0.000000E00
5.023457E01, 0.000000E00
5.023642E01, 0.000000E00
5.023828E01, 0.000000E00
5.024015E01, 0.000000E00
5.024202E01, 0.000000E00
5.024389E01, 0.000000E00
5.024577E01, 0.000000E00
5.024766E01, 0.000000E00
5.024956E01, 0.000000E00
5.025145E01, 0.000000E00
5.025336E01, 0.000000E00
5.025527E01, 0.000000E00
5.025719E01, 0.000000E00
5.025911E01, 0.000000E00
5.026104E01, 0.000000E00
5.026297E01, 0.000000E00
5.026491E01, 0.000000E00
5.026686E01, 0.000000E00
5.026881E01, 0.000000E00
5.027077E01, 0.000000E00
5.027274E01, 0.000000E00
5.027471E01, 0.000000E00
5.027669E01, 0.000000E00
5.027868E01, 0.000000E00
5.028067E01, 0.000000E00
5.028267E01, 0.000000E00
5.028467E01, 0.000000E00
5.028669E01, 0.000000E00
5.028871E01, 0.000000E00
5.029074E01, 0.000000E00
5.029277E01, 0.000000E00
5.029481E01, 0.000000E00
5.029686E01, 0.000000E00
5.029892E01, 0.000000E00
5.030098E01, 0.000000E00
5.030305E01, 0.000000E00
5.030513E01, 0.000000E00
5.030722E01, 0.000000E00
5.030931E01, 0.000000E00
5.031142E01, 0.000000E00
5.031353E01, 0.000000E00
5.031565E01, 0.000000E00
5.031777E01, 0.000000E00
5.031991E01, 0.000000E00
5.032205E01, 0.000000E00
5.032420E01, 0.000000E00
5.032636E01, 0.000000E00
5.032853E01, 0.000000E00
5.033071E01, 0.000000E00
5.033290E01, 0.000000E00
5.033509E01, 0.000000E00
5.033730E01, 0.000000E00
5.033951E01, 0.000000E00
5.034173E01, 0.000000E00
5.034396E01, 0.000000E00
5.034620E01, 0.000000E00
5.034845E01, 0.000000E00
5.035071E01, 0.000000E00
5.035298E01, 0.000000E00
5.035526E01, 0.000000E00
5.035755E01, 0.000000E00
5.035985E01, 0.000000E00
5.036216E01, 0.000000E00
5.036448E01, 0.000000E00
5.036681E01, 0.000000E00
5.036915E01, 0.000000E00
5.037150E01, 0.000000E00
5.037386E01, 0.000000E00
5.037623E01, 0.000000E00
5.037861E01, 0.000000E00
5.038101E01, 0.000000E00
5.038341E01, 0.000000E00
5.038583E01, 0.000000E00
5.038826E01, 0.000000E00
5.039069E01, 0.000000E00
5.039314E01, 0.000000E00
5.039561E01, 0.000000E00
5.039808E01, 0.000000E00
5.040057E01, 0.000000E00
5.040306E01, 0.000000E00
5.040557E01, 0.000000E00
5.040810E01, 0.000000E00
5.041063E01, 0.000000E00
5.041318E01, 0.000000E00
5.041574E01, 0.000000E00
5.041831E01, 0.000000E00
5.042090E01, 0.000000E00
5.042350E01, 0.000000E00
5.042612E01, 0.000000E00
5.042874E01, 0.000000E00
5.043138E01, 0.000000E00
5.043404E01, 0.000000E00
5.043671E01, 0.000000E00
5.043939E01, 0.000000E00
5.044209E01, 0.000000E00
5.044480E01, 0.000000E00
5.044752E01, 0.000000E00
5.045027E01, 0.000000E00
5.045302E01, 0.000000E00
5.045579E01, 0.000000E00
5.045858E01, 0.000000E00
5.046138E01, 0.000000E00
5.046420E01, 0.000000E00
5.046703E01, 0.000000E00
5.046988E01, 0.000000E00
5.047275E01, 0.000000E00
5.047563E01, 0.000000E00
5.047853E01, 0.000000E00
5.048145E01, 0.000000E00
5.048438E01, 0.000000E00
5.048734E01, 0.000000E00
5.049030E01, 0.000000E00
5.049329E01, 0.000000E00
5.049629E01, 0.000000E00
5.049932E01, 0.000000E00
5.050236E01, 0.000000E00
5.050542E01, 0.000000E00
5.050849E01, 0.000000E00
5.051159E01, 0.000000E00
5.051471E01, 0.000000E00
5.051784E01, 0.000000E00
5.052100E01, 0.000000E00
5.052418E01, 0.000000E00
5.052737E01, 0.000000E00
5.053059E01, 0.000000E00
5.053383E01, 0.000000E00
5.053709E01, 0.000000E00
5.054037E01, 0.000000E00
5.054367E01, 0.000000E00
5.054699E01, 0.000000E00
5.055034E01, 0.000000E00
5.055370E01, 0.000000E00
5.055709E01, 0.000000E00
5.056051E01, 0.000000E00
5.056394E01, 0.000000E00
5.056740E01, 0.000000E00
5.057089E01, 0.000000E00
5.057440E01, 0.000000E00
5.057793E01, 0.000000E00
5.058149E01, 0.000000E00
5.058507E01, 0.000000E00
5.058868E01, 0.000000E00
5.059232E01, 0.000000E00
5.059598E01, 0.000000E00
5.059967E01, 0.000000E00
5.060338E01, 0.000000E00
5.060712E01, 0.000000E00
5.061089E01, 0.000000E00
5.061469E01, 0.000000E00
5.061852E01, 0.000000E00
5.062237E01, 0.000000E00
5.062625E01, 0.000000E00
5.063017E01, 0.000000E00
5.063411E01, 0.000000E00
5.063809E01, 0.000000E00
5.064209E01, 0.000000E00
5.064613E01, 0.000000E00
5.065020E01, 0.000000E00
5.065430E01, 0.000000E00
5.065843E01, 0.000000E00
5.066260E01, 0.000000E00
5.066680E01, 0.000000E00
5.067103E01, 0.000000E00
5.067530E01, 0.000000E00
5.067961E01, 0.000000E00
5.068395E01, 0.000000E00
5.068832E01, 0.000000E00
5.069273E01, 0.000000E00
5.069718E01, 0.000000E00
5.070167E01, 0.000000E00
5.070620E01, 0.000000E00
5.071076E01, 0.000000E00
5.071537E01, 0.000000E00
5.072001E01, 0.000000E00
5.072470E01, 0.000000E00
5.072943E01, 0.000000E00
5.073420E01, 0.000000E00
5.073901E01, 0.000000E00
5.074386E01, 0.000000E00
5.074876E01, 0.000000E00
5.075371E01, 0.000000E00
5.075870E01, 0.000000E00
5.076373E01, 0.000000E00
5.076881E01, 0.000000E00
5.077395E01, 0.000000E00
5.077912E01, 0.000000E00
5.078435E01, 0.000000E00
5.078963E01, 0.000000E00
5.079496E01, 0.000000E00
5.080034E01, 0.000000E00
5.080577E01, 0.000000E00
5.081126E01, 0.000000E00
5.081680E01, 0.000000E00
5.082240E01, 0.000000E00
5.082805E01, 0.000000E00
5.083376E01, 0.000000E00
5.083953E01, 0.000000E00
5.084535E01, 0.000000E00
5.085124E01, 0.000000E00
5.085719E01, 0.000000E00
5.086320E01, 0.000000E00
5.086927E01, 0.000000E00
5.087541E01, 0.000000E00
5.088161E01, 0.000000E00
5.088788E01, 0.000000E00
5.089422E01, 0.000000E00
5.090063E01, 0.000000E00
5.090711E01, 0.000000E00
5.091366E01, 0.000000E00
5.092028E01, 0.000000E00
5.092697E01, 0.000000E00
5.093375E01, 0.000000E00
5.094060E01, 0.000000E00
5.094753E01, 0.000000E00
5.095454E01, 0.000000E00
5.096163E01, 0.000000E00
5.096880E01, 0.000000E00
5.097606E01, 0.000000E00
5.098340E01, 0.000000E00
5.099084E01, 0.000000E00
5.099836E01, 0.000000E00
5.100598E01, 0.000000E00
5.101369E01, 0.000000E00
5.102149E01, 0.000000E00
5.102939E01, 0.000000E00
5.103739E01, 0.000000E00
5.104550E01, 0.000000E00
5.105370E01, 0.000000E00
5.106202E01, 0.000000E00
5.107044E01, 0.000000E00
5.107897E01, 0.000000E00
5.108761E01, 0.000000E00
5.109636E01, 0.000000E00
5.110524E01, 0.000000E00
5.111423E01, 0.000000E00
5.112335E01, 0.000000E00
5.113259E01, 0.000000E00
5.114196E01, 0.000000E00
5.115147E01, 0.000000E00
5.116110E01, 0.000000E00
5.117087E01, 0.000000E00
5.118078E01, 0.000000E00
5.119084E01, 0.000000E00
5.120104E01, 0.000000E00
5.121139E01, 0.000000E00
5.122190E01, 0.000000E00
5.123256E01, 0.000000E00
5.124338E01, 0.000000E00
5.125437E01, 0.000000E00
5.126552E01, 0.000000E00
5.127685E01, 0.000000E00
5.128836E01, 0.000000E00
5.130004E01, 0.000000E00
5.131192E01, 0.000000E00
5.132398E01, 0.000000E00
5.133624E01, 0.000000E00
5.134870E01, 0.000000E00
5.136136E01, 0.000000E00
5.137424E01, 0.000000E00
5.138733E01, 0.000000E00
5.140065E01, 0.000000E00
5.141419E01, 0.000000E00
5.142797E01, 0.000000E00
5.144199E01, 0.000000E00
5.145625E01, 0.000000E00
5.147078E01, 0.000000E00
5.148556E01, 0.000000E00
5.150061E01, 0.000000E00
5.151594E01, 0.000000E00
5.153155E01, 0.000000E00
5.154746E01, 0.000000E00
5.156367E01, 0.000000E00
5.158019E01, 0.000000E00
5.159703E01, 0.000000E00
5.161420E01, 0.000000E00
5.163171E01, 0.000000E00
5.164957E01, 0.000000E00
5.166779E01, 0.000000E00
5.168638E01, 0.000000E00
5.170536E01, 0.000000E00
5.172473E01, 0.000000E00
5.174452E01, 0.000000E00
5.176473E01, 0.000000E00
5.178538E01, 0.000000E00
5.180648E01, 0.000000E00
5.182804E01, 0.000000E00
5.185009E01, 0.000000E00
5.187265E01, 0.000000E00
5.189572E01, 0.000000E00
5.191933E01, 0.000000E00
5.194349E01, 0.000000E00
5.196823E01, 0.000000E00
5.199357E01, 0.000000E00
5.201953E01, 0.000000E00
5.204614E01, 0.000000E00
5.207342E01, 0.000000E00
5.210139E01, 0.000000E00
5.213008E01, 0.000000E00
5.215953E01, 0.000000E00
5.218975E01, 0.000000E00
5.222080E01, 0.000000E00
5.225269E01, 0.000000E00
5.228546E01, 0.000000E00
5.231916E01, 0.000000E00
5.235382E01, 0.000000E00
5.238949E01, 0.000000E00
5.242620E01, 0.000000E00
5.246402E01, 0.000000E00
5.250298E01, 0.000000E00
5.254314E01, 0.000000E00
5.258457E01, 0.000000E00
5.262731E01, 0.000000E00
5.267144E01, 0.000000E00
5.271703E01, 0.000000E00
5.276414E01, 0.000000E00
5.281286E01, 0.000000E00
5.286328E01, 0.000000E00
5.291548E01, 0.000000E00
5.296956E01, 0.000000E00
5.302563E01, 0.000000E00
5.308380E01, 0.000000E00
5.314418E01, 0.000000E00
5.320692E01, 0.000000E00
5.327214E01, 0.000000E00
5.334002E01, 0.000000E00
5.341070E01, 0.000000E00
5.348437E01, 0.000000E00
5.356122E01, 0.000000E00
5.364147E01, 0.000000E00
5.372535E01, 0.000000E00
5.381311E01, 0.000000E00
5.390503E01, 0.000000E00
5.400142E01, 0.000000E00
5.410261E01, 0.000000E00
5.420896E01, 0.000000E00
5.432090E01, 0.000000E00
5.443886E01, 0.000000E00
5.456336E01, 0.000000E00
5.469495E01, 0.000000E00
5.483427E01, 0.000000E00
5.498201E01, 0.000000E00
5.513897E01, 0.000000E00
5.530604E01, 0.000000E00
5.548423E01, 0.000000E00
5.567469E01, 0.000000E00
5.587875E01, 0.000000E00
5.609791E01, 0.000000E00
5.633393E01, 0.000000E00
5.658882E01, 0.000000E00
5.686495E01, 0.000000E00
5.716511E01, 0.000000E00
5.749256E01, 0.000000E00
5.785123E01, 0.000000E00
5.824580E01, 0.000000E00
5.868197E01, 0.000000E00
5.916667E01, 0.000000E00
##END
