##TITLE= Parameter file, TopSpin 4.0.7
##JCAMPDX= 5.0
##DATATYPE= Parameter Values
##ORIGIN= Bruker BioSpin GmbH
##OWNER= nmrsu
$$ 2019-08-22 09:56:18.060 -0400  nmrsu@CZC80980FC
$$ /opt/topspin4.0.7/exp/stan/nmr/lists/wave/user/tanhc60
$$ process /opt/topspin4.0.7/prog/mod/toolserver
##MINX= 71.42857100
##MAXX= 100.00000000
##MINY= 0.00000000
##MAXY= 0.00000000
##$SHAPE_ADDPHASE= 0
##$SHAPE_AMP= 100
##$SHAPE_BWFAC= 1.122
##$SHAPE_BWFAC50= 0
##$SHAPE_CALCBW= yes
##$SHAPE_CALCINTEG= yes
##$SHAPE_EXMODE= <Excitation>
##$SHAPE_EXPAND= <>
##$SHAPE_EXPANDCF= (0..143)
0 0 0 0 0 0 0 0 0 0 0 0 0 0 0 0 0 0 0 0 0 0 0 0 0 0 0 0 0 0 0 0 0 0 0 0
0 0 0 0 0 0 0 0 0 0 0 0 0 0 0 0 0 0 0 0 0 0 0 0 0 0 0 0 0 0 0 0 0 0 0 0
0 0 0 0 0 0 0 0 0 0 0 0 0 0 0 0 0 0 0 0 0 0 0 0 0 0 0 0 0 0 0 0 0 0 0 0
0 0 0 0 0 0 0 0 0 0 0 0 0 0 0 0 0 0 0 0 0 0 0 0 0 0 0 0 0 0 0 0 0 0 0 0
##$SHAPE_EXPFAC= 0
##$SHAPE_FRACEND= 0
##$SHAPE_FRACORG= 0
##$SHAPE_FRACSTART= 0
##$SHAPE_INTEGFAC= 0.85714286
##$SHAPE_KEEPRES= yes
##$SHAPE_LENGTH= 1000
##$SHAPE_MAN= <>
##$SHAPE_MODE= 0
##$SHAPE_MODFREQ= 0
##$SHAPE_MODPHASE= 0
##$SHAPE_MODSCALE= 0
##$SHAPE_MODSW= 0
##$SHAPE_MODSWDIR= -1
##$SHAPE_NPOINTS= 1000
##$SHAPE_OFFS= <>
##$SHAPE_OFFSCOEFF= (0..95)
0 0 0 0 0 0 0 0 0 0 0 0 0 0 0 0 0 0 0 0 0 0 0 0 0 0 0 0 0 0 0 0 0 0 0 0
0 0 0 0 0 0 0 0 0 0 0 0 0 0 0 0 0 0 0 0 0 0 0 0 0 0 0 0 0 0 0 0 0 0 0 0
0 0 0 0 0 0 0 0 0 0 0 0 0 0 0 0 0 0 0 0 0 0 0 0
##$SHAPE_PARAMETER= <>
##$SHAPE_REPHFAC= 0
##$SHAPE_RES= 0
##$SHAPE_SCALEFAC= 1
##$SHAPE_SCALETYPE= 0
##$SHAPE_SPOAL= 0
##$SHAPE_SPOFFS= 0
##$SHAPE_SPOPH= 0
##$SHAPE_TOTROT= 90
##$SHAPE_TYPE= <Excitation>
##$SHAPE_USER_DEF= 0
##$SHAPE_VERSION= 2.1
##$SHL_ADDPHASE= (0..15)
0 0 0 0 0 0 0 0 0 0 0 0 0 0 0 0
##$SHL_ALIGNOFFSET= (0..15)
0 0 0 0 0 0 0 0 0 0 0 0 0 0 0 0
##$SHL_AMP= (0..15)
100 0 0 0 0 0 0 0 0 0 0 0 0 0 0 0
##$SHL_AMPFAC= (0..15)
85.71428571 0 0 0 0 0 0 0 0 0 0 0 0 0 0 0
##$SHL_BETA= (0..15)
0 0 0 0 0 0 0 0 0 0 0 0 0 0 0 0
##$SHL_BWFAC= (0..15)
1.122 0 0 0 0 0 0 0 0 0 0 0 0 0 0 0
##$SHL_CALCBW= (0..15)
yes yes yes yes yes yes yes yes yes yes yes yes yes yes yes yes
##$SHL_CALCINTEG= (0..15)
yes yes yes yes yes yes yes yes yes yes yes yes yes yes yes yes
##$SHL_CENTERAMP= (0..15)
0 0 0 0 0 0 0 0 0 0 0 0 0 0 0 0
##$SHL_CYCNUM= (0..15)
0 0 0 0 0 0 0 0 0 0 0 0 0 0 0 0
##$SHL_DIPOLCPL= (0..15)
3464.10161514 0 0 0 0 0 0 0 0 0 0 0 0 0 0 0
##$SHL_ENDAMP= (0..15)
0 0 0 0 0 0 0 0 0 0 0 0 0 0 0 0
##$SHL_EXMODE= (0..15)
<Excitation> <> <> <> <> <> <> <> <> <> <> <> <> <> <> <>
##$SHL_EXPAND= (0..15)
<> <> <> <> <> <> <> <> <> <> <> <> <> <> <> <>
##$SHL_EXPANDCF0= (0..143)
0 0 0 0 0 0 0 0 0 0 0 0 0 0 0 0 0 0 0 0 0 0 0 0 0 0 0 0 0 0 0 0 0 0 0 0
0 0 0 0 0 0 0 0 0 0 0 0 0 0 0 0 0 0 0 0 0 0 0 0 0 0 0 0 0 0 0 0 0 0 0 0
0 0 0 0 0 0 0 0 0 0 0 0 0 0 0 0 0 0 0 0 0 0 0 0 0 0 0 0 0 0 0 0 0 0 0 0
0 0 0 0 0 0 0 0 0 0 0 0 0 0 0 0 0 0 0 0 0 0 0 0 0 0 0 0 0 0 0 0 0 0 0 0
##$SHL_EXPANDCF1= (0..143)
0 0 0 0 0 0 0 0 0 0 0 0 0 0 0 0 0 0 0 0 0 0 0 0 0 0 0 0 0 0 0 0 0 0 0 0
0 0 0 0 0 0 0 0 0 0 0 0 0 0 0 0 0 0 0 0 0 0 0 0 0 0 0 0 0 0 0 0 0 0 0 0
0 0 0 0 0 0 0 0 0 0 0 0 0 0 0 0 0 0 0 0 0 0 0 0 0 0 0 0 0 0 0 0 0 0 0 0
0 0 0 0 0 0 0 0 0 0 0 0 0 0 0 0 0 0 0 0 0 0 0 0 0 0 0 0 0 0 0 0 0 0 0 0
##$SHL_EXPANDCF10= (0..143)
0 0 0 0 0 0 0 0 0 0 0 0 0 0 0 0 0 0 0 0 0 0 0 0 0 0 0 0 0 0 0 0 0 0 0 0
0 0 0 0 0 0 0 0 0 0 0 0 0 0 0 0 0 0 0 0 0 0 0 0 0 0 0 0 0 0 0 0 0 0 0 0
0 0 0 0 0 0 0 0 0 0 0 0 0 0 0 0 0 0 0 0 0 0 0 0 0 0 0 0 0 0 0 0 0 0 0 0
0 0 0 0 0 0 0 0 0 0 0 0 0 0 0 0 0 0 0 0 0 0 0 0 0 0 0 0 0 0 0 0 0 0 0 0
##$SHL_EXPANDCF11= (0..143)
0 0 0 0 0 0 0 0 0 0 0 0 0 0 0 0 0 0 0 0 0 0 0 0 0 0 0 0 0 0 0 0 0 0 0 0
0 0 0 0 0 0 0 0 0 0 0 0 0 0 0 0 0 0 0 0 0 0 0 0 0 0 0 0 0 0 0 0 0 0 0 0
0 0 0 0 0 0 0 0 0 0 0 0 0 0 0 0 0 0 0 0 0 0 0 0 0 0 0 0 0 0 0 0 0 0 0 0
0 0 0 0 0 0 0 0 0 0 0 0 0 0 0 0 0 0 0 0 0 0 0 0 0 0 0 0 0 0 0 0 0 0 0 0
##$SHL_EXPANDCF12= (0..143)
0 0 0 0 0 0 0 0 0 0 0 0 0 0 0 0 0 0 0 0 0 0 0 0 0 0 0 0 0 0 0 0 0 0 0 0
0 0 0 0 0 0 0 0 0 0 0 0 0 0 0 0 0 0 0 0 0 0 0 0 0 0 0 0 0 0 0 0 0 0 0 0
0 0 0 0 0 0 0 0 0 0 0 0 0 0 0 0 0 0 0 0 0 0 0 0 0 0 0 0 0 0 0 0 0 0 0 0
0 0 0 0 0 0 0 0 0 0 0 0 0 0 0 0 0 0 0 0 0 0 0 0 0 0 0 0 0 0 0 0 0 0 0 0
##$SHL_EXPANDCF13= (0..143)
0 0 0 0 0 0 0 0 0 0 0 0 0 0 0 0 0 0 0 0 0 0 0 0 0 0 0 0 0 0 0 0 0 0 0 0
0 0 0 0 0 0 0 0 0 0 0 0 0 0 0 0 0 0 0 0 0 0 0 0 0 0 0 0 0 0 0 0 0 0 0 0
0 0 0 0 0 0 0 0 0 0 0 0 0 0 0 0 0 0 0 0 0 0 0 0 0 0 0 0 0 0 0 0 0 0 0 0
0 0 0 0 0 0 0 0 0 0 0 0 0 0 0 0 0 0 0 0 0 0 0 0 0 0 0 0 0 0 0 0 0 0 0 0
##$SHL_EXPANDCF14= (0..143)
0 0 0 0 0 0 0 0 0 0 0 0 0 0 0 0 0 0 0 0 0 0 0 0 0 0 0 0 0 0 0 0 0 0 0 0
0 0 0 0 0 0 0 0 0 0 0 0 0 0 0 0 0 0 0 0 0 0 0 0 0 0 0 0 0 0 0 0 0 0 0 0
0 0 0 0 0 0 0 0 0 0 0 0 0 0 0 0 0 0 0 0 0 0 0 0 0 0 0 0 0 0 0 0 0 0 0 0
0 0 0 0 0 0 0 0 0 0 0 0 0 0 0 0 0 0 0 0 0 0 0 0 0 0 0 0 0 0 0 0 0 0 0 0
##$SHL_EXPANDCF15= (0..143)
0 0 0 0 0 0 0 0 0 0 0 0 0 0 0 0 0 0 0 0 0 0 0 0 0 0 0 0 0 0 0 0 0 0 0 0
0 0 0 0 0 0 0 0 0 0 0 0 0 0 0 0 0 0 0 0 0 0 0 0 0 0 0 0 0 0 0 0 0 0 0 0
0 0 0 0 0 0 0 0 0 0 0 0 0 0 0 0 0 0 0 0 0 0 0 0 0 0 0 0 0 0 0 0 0 0 0 0
0 0 0 0 0 0 0 0 0 0 0 0 0 0 0 0 0 0 0 0 0 0 0 0 0 0 0 0 0 0 0 0 0 0 0 0
##$SHL_EXPANDCF2= (0..143)
0 0 0 0 0 0 0 0 0 0 0 0 0 0 0 0 0 0 0 0 0 0 0 0 0 0 0 0 0 0 0 0 0 0 0 0
0 0 0 0 0 0 0 0 0 0 0 0 0 0 0 0 0 0 0 0 0 0 0 0 0 0 0 0 0 0 0 0 0 0 0 0
0 0 0 0 0 0 0 0 0 0 0 0 0 0 0 0 0 0 0 0 0 0 0 0 0 0 0 0 0 0 0 0 0 0 0 0
0 0 0 0 0 0 0 0 0 0 0 0 0 0 0 0 0 0 0 0 0 0 0 0 0 0 0 0 0 0 0 0 0 0 0 0
##$SHL_EXPANDCF3= (0..143)
0 0 0 0 0 0 0 0 0 0 0 0 0 0 0 0 0 0 0 0 0 0 0 0 0 0 0 0 0 0 0 0 0 0 0 0
0 0 0 0 0 0 0 0 0 0 0 0 0 0 0 0 0 0 0 0 0 0 0 0 0 0 0 0 0 0 0 0 0 0 0 0
0 0 0 0 0 0 0 0 0 0 0 0 0 0 0 0 0 0 0 0 0 0 0 0 0 0 0 0 0 0 0 0 0 0 0 0
0 0 0 0 0 0 0 0 0 0 0 0 0 0 0 0 0 0 0 0 0 0 0 0 0 0 0 0 0 0 0 0 0 0 0 0
##$SHL_EXPANDCF4= (0..143)
0 0 0 0 0 0 0 0 0 0 0 0 0 0 0 0 0 0 0 0 0 0 0 0 0 0 0 0 0 0 0 0 0 0 0 0
0 0 0 0 0 0 0 0 0 0 0 0 0 0 0 0 0 0 0 0 0 0 0 0 0 0 0 0 0 0 0 0 0 0 0 0
0 0 0 0 0 0 0 0 0 0 0 0 0 0 0 0 0 0 0 0 0 0 0 0 0 0 0 0 0 0 0 0 0 0 0 0
0 0 0 0 0 0 0 0 0 0 0 0 0 0 0 0 0 0 0 0 0 0 0 0 0 0 0 0 0 0 0 0 0 0 0 0
##$SHL_EXPANDCF5= (0..143)
0 0 0 0 0 0 0 0 0 0 0 0 0 0 0 0 0 0 0 0 0 0 0 0 0 0 0 0 0 0 0 0 0 0 0 0
0 0 0 0 0 0 0 0 0 0 0 0 0 0 0 0 0 0 0 0 0 0 0 0 0 0 0 0 0 0 0 0 0 0 0 0
0 0 0 0 0 0 0 0 0 0 0 0 0 0 0 0 0 0 0 0 0 0 0 0 0 0 0 0 0 0 0 0 0 0 0 0
0 0 0 0 0 0 0 0 0 0 0 0 0 0 0 0 0 0 0 0 0 0 0 0 0 0 0 0 0 0 0 0 0 0 0 0
##$SHL_EXPANDCF6= (0..143)
0 0 0 0 0 0 0 0 0 0 0 0 0 0 0 0 0 0 0 0 0 0 0 0 0 0 0 0 0 0 0 0 0 0 0 0
0 0 0 0 0 0 0 0 0 0 0 0 0 0 0 0 0 0 0 0 0 0 0 0 0 0 0 0 0 0 0 0 0 0 0 0
0 0 0 0 0 0 0 0 0 0 0 0 0 0 0 0 0 0 0 0 0 0 0 0 0 0 0 0 0 0 0 0 0 0 0 0
0 0 0 0 0 0 0 0 0 0 0 0 0 0 0 0 0 0 0 0 0 0 0 0 0 0 0 0 0 0 0 0 0 0 0 0
##$SHL_EXPANDCF7= (0..143)
0 0 0 0 0 0 0 0 0 0 0 0 0 0 0 0 0 0 0 0 0 0 0 0 0 0 0 0 0 0 0 0 0 0 0 0
0 0 0 0 0 0 0 0 0 0 0 0 0 0 0 0 0 0 0 0 0 0 0 0 0 0 0 0 0 0 0 0 0 0 0 0
0 0 0 0 0 0 0 0 0 0 0 0 0 0 0 0 0 0 0 0 0 0 0 0 0 0 0 0 0 0 0 0 0 0 0 0
0 0 0 0 0 0 0 0 0 0 0 0 0 0 0 0 0 0 0 0 0 0 0 0 0 0 0 0 0 0 0 0 0 0 0 0
##$SHL_EXPANDCF8= (0..143)
0 0 0 0 0 0 0 0 0 0 0 0 0 0 0 0 0 0 0 0 0 0 0 0 0 0 0 0 0 0 0 0 0 0 0 0
0 0 0 0 0 0 0 0 0 0 0 0 0 0 0 0 0 0 0 0 0 0 0 0 0 0 0 0 0 0 0 0 0 0 0 0
0 0 0 0 0 0 0 0 0 0 0 0 0 0 0 0 0 0 0 0 0 0 0 0 0 0 0 0 0 0 0 0 0 0 0 0
0 0 0 0 0 0 0 0 0 0 0 0 0 0 0 0 0 0 0 0 0 0 0 0 0 0 0 0 0 0 0 0 0 0 0 0
##$SHL_EXPANDCF9= (0..143)
0 0 0 0 0 0 0 0 0 0 0 0 0 0 0 0 0 0 0 0 0 0 0 0 0 0 0 0 0 0 0 0 0 0 0 0
0 0 0 0 0 0 0 0 0 0 0 0 0 0 0 0 0 0 0 0 0 0 0 0 0 0 0 0 0 0 0 0 0 0 0 0
0 0 0 0 0 0 0 0 0 0 0 0 0 0 0 0 0 0 0 0 0 0 0 0 0 0 0 0 0 0 0 0 0 0 0 0
0 0 0 0 0 0 0 0 0 0 0 0 0 0 0 0 0 0 0 0 0 0 0 0 0 0 0 0 0 0 0 0 0 0 0 0
##$SHL_EXPFAC= (0..15)
0 0 0 0 0 0 0 0 0 0 0 0 0 0 0 0
##$SHL_FRACEND= (0..15)
0 0 0 0 0 0 0 0 0 0 0 0 0 0 0 0
##$SHL_FRACORG= (0..15)
0 0 0 0 0 0 0 0 0 0 0 0 0 0 0 0
##$SHL_FRACSTART= (0..15)
0 0 0 0 0 0 0 0 0 0 0 0 0 0 0 0
##$SHL_FULLHALF= (0..15)
0 0 0 0 0 0 0 0 0 0 0 0 0 0 0 0
##$SHL_FUNCAMP= (0..15)
0 0 0 0 0 0 0 0 0 0 0 0 0 0 0 0
##$SHL_FUNCTION= (0..15)
<TangAmplitudeMod> <> <> <> <> <> <> <> <> <> <> <> <> <> <> <>
##$SHL_GCO= (0..15)
<> <> <> <> <> <> <> <> <> <> <> <> <> <> <> <>
##$SHL_GCOCOEFFS0= (0..59)
0 0 0 0 0 0 0 0 0 0 0 0 0 0 0 0 0 0 0 0 0 0 0 0 0 0 0 0 0 0 0 0 0 0 0 0
0 0 0 0 0 0 0 0 0 0 0 0 0 0 0 0 0 0 0 0 0 0 0 0
##$SHL_GCOCOEFFS1= (0..59)
0 0 0 0 0 0 0 0 0 0 0 0 0 0 0 0 0 0 0 0 0 0 0 0 0 0 0 0 0 0 0 0 0 0 0 0
0 0 0 0 0 0 0 0 0 0 0 0 0 0 0 0 0 0 0 0 0 0 0 0
##$SHL_GCOCOEFFS10= (0..59)
0 0 0 0 0 0 0 0 0 0 0 0 0 0 0 0 0 0 0 0 0 0 0 0 0 0 0 0 0 0 0 0 0 0 0 0
0 0 0 0 0 0 0 0 0 0 0 0 0 0 0 0 0 0 0 0 0 0 0 0
##$SHL_GCOCOEFFS11= (0..59)
0 0 0 0 0 0 0 0 0 0 0 0 0 0 0 0 0 0 0 0 0 0 0 0 0 0 0 0 0 0 0 0 0 0 0 0
0 0 0 0 0 0 0 0 0 0 0 0 0 0 0 0 0 0 0 0 0 0 0 0
##$SHL_GCOCOEFFS12= (0..59)
0 0 0 0 0 0 0 0 0 0 0 0 0 0 0 0 0 0 0 0 0 0 0 0 0 0 0 0 0 0 0 0 0 0 0 0
0 0 0 0 0 0 0 0 0 0 0 0 0 0 0 0 0 0 0 0 0 0 0 0
##$SHL_GCOCOEFFS13= (0..59)
0 0 0 0 0 0 0 0 0 0 0 0 0 0 0 0 0 0 0 0 0 0 0 0 0 0 0 0 0 0 0 0 0 0 0 0
0 0 0 0 0 0 0 0 0 0 0 0 0 0 0 0 0 0 0 0 0 0 0 0
##$SHL_GCOCOEFFS14= (0..59)
0 0 0 0 0 0 0 0 0 0 0 0 0 0 0 0 0 0 0 0 0 0 0 0 0 0 0 0 0 0 0 0 0 0 0 0
0 0 0 0 0 0 0 0 0 0 0 0 0 0 0 0 0 0 0 0 0 0 0 0
##$SHL_GCOCOEFFS15= (0..59)
0 0 0 0 0 0 0 0 0 0 0 0 0 0 0 0 0 0 0 0 0 0 0 0 0 0 0 0 0 0 0 0 0 0 0 0
0 0 0 0 0 0 0 0 0 0 0 0 0 0 0 0 0 0 0 0 0 0 0 0
##$SHL_GCOCOEFFS2= (0..59)
0 0 0 0 0 0 0 0 0 0 0 0 0 0 0 0 0 0 0 0 0 0 0 0 0 0 0 0 0 0 0 0 0 0 0 0
0 0 0 0 0 0 0 0 0 0 0 0 0 0 0 0 0 0 0 0 0 0 0 0
##$SHL_GCOCOEFFS3= (0..59)
0 0 0 0 0 0 0 0 0 0 0 0 0 0 0 0 0 0 0 0 0 0 0 0 0 0 0 0 0 0 0 0 0 0 0 0
0 0 0 0 0 0 0 0 0 0 0 0 0 0 0 0 0 0 0 0 0 0 0 0
##$SHL_GCOCOEFFS4= (0..59)
0 0 0 0 0 0 0 0 0 0 0 0 0 0 0 0 0 0 0 0 0 0 0 0 0 0 0 0 0 0 0 0 0 0 0 0
0 0 0 0 0 0 0 0 0 0 0 0 0 0 0 0 0 0 0 0 0 0 0 0
##$SHL_GCOCOEFFS5= (0..59)
0 0 0 0 0 0 0 0 0 0 0 0 0 0 0 0 0 0 0 0 0 0 0 0 0 0 0 0 0 0 0 0 0 0 0 0
0 0 0 0 0 0 0 0 0 0 0 0 0 0 0 0 0 0 0 0 0 0 0 0
##$SHL_GCOCOEFFS6= (0..59)
0 0 0 0 0 0 0 0 0 0 0 0 0 0 0 0 0 0 0 0 0 0 0 0 0 0 0 0 0 0 0 0 0 0 0 0
0 0 0 0 0 0 0 0 0 0 0 0 0 0 0 0 0 0 0 0 0 0 0 0
##$SHL_GCOCOEFFS7= (0..59)
0 0 0 0 0 0 0 0 0 0 0 0 0 0 0 0 0 0 0 0 0 0 0 0 0 0 0 0 0 0 0 0 0 0 0 0
0 0 0 0 0 0 0 0 0 0 0 0 0 0 0 0 0 0 0 0 0 0 0 0
##$SHL_GCOCOEFFS8= (0..59)
0 0 0 0 0 0 0 0 0 0 0 0 0 0 0 0 0 0 0 0 0 0 0 0 0 0 0 0 0 0 0 0 0 0 0 0
0 0 0 0 0 0 0 0 0 0 0 0 0 0 0 0 0 0 0 0 0 0 0 0
##$SHL_GCOCOEFFS9= (0..59)
0 0 0 0 0 0 0 0 0 0 0 0 0 0 0 0 0 0 0 0 0 0 0 0 0 0 0 0 0 0 0 0 0 0 0 0
0 0 0 0 0 0 0 0 0 0 0 0 0 0 0 0 0 0 0 0 0 0 0 0
##$SHL_INTEGFAC= (0..15)
0.85714286 0 0 0 0 0 0 0 0 0 0 0 0 0 0 0
##$SHL_LB= (0..15)
0 0 0 0 0 0 0 0 0 0 0 0 0 0 0 0
##$SHL_LEFTLIMIT= (0..15)
0 0 0 0 0 0 0 0 0 0 0 0 0 0 0 0
##$SHL_LENGTH= (0..15)
1000 0 0 0 0 0 0 0 0 0 0 0 0 0 0 0
##$SHL_MAN= (0..15)
<> <> <> <> <> <> <> <> <> <> <> <> <> <> <> <>
##$SHL_MEANAMP= (0..15)
36000 0 0 0 0 0 0 0 0 0 0 0 0 0 0 0
##$SHL_MODAMP= (0..15)
6000 0 0 0 0 0 0 0 0 0 0 0 0 0 0 0
##$SHL_MODE= (0..15)
0 0 0 0 0 0 0 0 0 0 0 0 0 0 0 0
##$SHL_MODFREQ= (0..15)
0 0 0 0 0 0 0 0 0 0 0 0 0 0 0 0
##$SHL_MODPHASE= (0..15)
0 0 0 0 0 0 0 0 0 0 0 0 0 0 0 0
##$SHL_MODSCALE= (0..15)
0 0 0 0 0 0 0 0 0 0 0 0 0 0 0 0
##$SHL_MODSW= (0..15)
0 0 0 0 0 0 0 0 0 0 0 0 0 0 0 0
##$SHL_MODSWDIR= (0..15)
-1 -1 -1 -1 -1 -1 -1 -1 -1 -1 -1 -1 -1 -1 -1 -1
##$SHL_MU= (0..15)
0 0 0 0 0 0 0 0 0 0 0 0 0 0 0 0
##$SHL_NPOINTS= (0..15)
1000 0 0 0 0 0 0 0 0 0 0 0 0 0 0 0
##$SHL_OFFS= (0..15)
<> <> <> <> <> <> <> <> <> <> <> <> <> <> <> <>
##$SHL_OFFSCOEFF0= (0..95)
0 0 0 0 0 0 0 0 0 0 0 0 0 0 0 0 0 0 0 0 0 0 0 0 0 0 0 0 0 0 0 0 0 0 0 0
0 0 0 0 0 0 0 0 0 0 0 0 0 0 0 0 0 0 0 0 0 0 0 0 0 0 0 0 0 0 0 0 0 0 0 0
0 0 0 0 0 0 0 0 0 0 0 0 0 0 0 0 0 0 0 0 0 0 0 0
##$SHL_OFFSCOEFF1= (0..95)
0 0 0 0 0 0 0 0 0 0 0 0 0 0 0 0 0 0 0 0 0 0 0 0 0 0 0 0 0 0 0 0 0 0 0 0
0 0 0 0 0 0 0 0 0 0 0 0 0 0 0 0 0 0 0 0 0 0 0 0 0 0 0 0 0 0 0 0 0 0 0 0
0 0 0 0 0 0 0 0 0 0 0 0 0 0 0 0 0 0 0 0 0 0 0 0
##$SHL_OFFSCOEFF10= (0..95)
0 0 0 0 0 0 0 0 0 0 0 0 0 0 0 0 0 0 0 0 0 0 0 0 0 0 0 0 0 0 0 0 0 0 0 0
0 0 0 0 0 0 0 0 0 0 0 0 0 0 0 0 0 0 0 0 0 0 0 0 0 0 0 0 0 0 0 0 0 0 0 0
0 0 0 0 0 0 0 0 0 0 0 0 0 0 0 0 0 0 0 0 0 0 0 0
##$SHL_OFFSCOEFF11= (0..95)
0 0 0 0 0 0 0 0 0 0 0 0 0 0 0 0 0 0 0 0 0 0 0 0 0 0 0 0 0 0 0 0 0 0 0 0
0 0 0 0 0 0 0 0 0 0 0 0 0 0 0 0 0 0 0 0 0 0 0 0 0 0 0 0 0 0 0 0 0 0 0 0
0 0 0 0 0 0 0 0 0 0 0 0 0 0 0 0 0 0 0 0 0 0 0 0
##$SHL_OFFSCOEFF12= (0..95)
0 0 0 0 0 0 0 0 0 0 0 0 0 0 0 0 0 0 0 0 0 0 0 0 0 0 0 0 0 0 0 0 0 0 0 0
0 0 0 0 0 0 0 0 0 0 0 0 0 0 0 0 0 0 0 0 0 0 0 0 0 0 0 0 0 0 0 0 0 0 0 0
0 0 0 0 0 0 0 0 0 0 0 0 0 0 0 0 0 0 0 0 0 0 0 0
##$SHL_OFFSCOEFF13= (0..95)
0 0 0 0 0 0 0 0 0 0 0 0 0 0 0 0 0 0 0 0 0 0 0 0 0 0 0 0 0 0 0 0 0 0 0 0
0 0 0 0 0 0 0 0 0 0 0 0 0 0 0 0 0 0 0 0 0 0 0 0 0 0 0 0 0 0 0 0 0 0 0 0
0 0 0 0 0 0 0 0 0 0 0 0 0 0 0 0 0 0 0 0 0 0 0 0
##$SHL_OFFSCOEFF14= (0..95)
0 0 0 0 0 0 0 0 0 0 0 0 0 0 0 0 0 0 0 0 0 0 0 0 0 0 0 0 0 0 0 0 0 0 0 0
0 0 0 0 0 0 0 0 0 0 0 0 0 0 0 0 0 0 0 0 0 0 0 0 0 0 0 0 0 0 0 0 0 0 0 0
0 0 0 0 0 0 0 0 0 0 0 0 0 0 0 0 0 0 0 0 0 0 0 0
##$SHL_OFFSCOEFF15= (0..95)
0 0 0 0 0 0 0 0 0 0 0 0 0 0 0 0 0 0 0 0 0 0 0 0 0 0 0 0 0 0 0 0 0 0 0 0
0 0 0 0 0 0 0 0 0 0 0 0 0 0 0 0 0 0 0 0 0 0 0 0 0 0 0 0 0 0 0 0 0 0 0 0
0 0 0 0 0 0 0 0 0 0 0 0 0 0 0 0 0 0 0 0 0 0 0 0
##$SHL_OFFSCOEFF2= (0..95)
0 0 0 0 0 0 0 0 0 0 0 0 0 0 0 0 0 0 0 0 0 0 0 0 0 0 0 0 0 0 0 0 0 0 0 0
0 0 0 0 0 0 0 0 0 0 0 0 0 0 0 0 0 0 0 0 0 0 0 0 0 0 0 0 0 0 0 0 0 0 0 0
0 0 0 0 0 0 0 0 0 0 0 0 0 0 0 0 0 0 0 0 0 0 0 0
##$SHL_OFFSCOEFF3= (0..95)
0 0 0 0 0 0 0 0 0 0 0 0 0 0 0 0 0 0 0 0 0 0 0 0 0 0 0 0 0 0 0 0 0 0 0 0
0 0 0 0 0 0 0 0 0 0 0 0 0 0 0 0 0 0 0 0 0 0 0 0 0 0 0 0 0 0 0 0 0 0 0 0
0 0 0 0 0 0 0 0 0 0 0 0 0 0 0 0 0 0 0 0 0 0 0 0
##$SHL_OFFSCOEFF4= (0..95)
0 0 0 0 0 0 0 0 0 0 0 0 0 0 0 0 0 0 0 0 0 0 0 0 0 0 0 0 0 0 0 0 0 0 0 0
0 0 0 0 0 0 0 0 0 0 0 0 0 0 0 0 0 0 0 0 0 0 0 0 0 0 0 0 0 0 0 0 0 0 0 0
0 0 0 0 0 0 0 0 0 0 0 0 0 0 0 0 0 0 0 0 0 0 0 0
##$SHL_OFFSCOEFF5= (0..95)
0 0 0 0 0 0 0 0 0 0 0 0 0 0 0 0 0 0 0 0 0 0 0 0 0 0 0 0 0 0 0 0 0 0 0 0
0 0 0 0 0 0 0 0 0 0 0 0 0 0 0 0 0 0 0 0 0 0 0 0 0 0 0 0 0 0 0 0 0 0 0 0
0 0 0 0 0 0 0 0 0 0 0 0 0 0 0 0 0 0 0 0 0 0 0 0
##$SHL_OFFSCOEFF6= (0..95)
0 0 0 0 0 0 0 0 0 0 0 0 0 0 0 0 0 0 0 0 0 0 0 0 0 0 0 0 0 0 0 0 0 0 0 0
0 0 0 0 0 0 0 0 0 0 0 0 0 0 0 0 0 0 0 0 0 0 0 0 0 0 0 0 0 0 0 0 0 0 0 0
0 0 0 0 0 0 0 0 0 0 0 0 0 0 0 0 0 0 0 0 0 0 0 0
##$SHL_OFFSCOEFF7= (0..95)
0 0 0 0 0 0 0 0 0 0 0 0 0 0 0 0 0 0 0 0 0 0 0 0 0 0 0 0 0 0 0 0 0 0 0 0
0 0 0 0 0 0 0 0 0 0 0 0 0 0 0 0 0 0 0 0 0 0 0 0 0 0 0 0 0 0 0 0 0 0 0 0
0 0 0 0 0 0 0 0 0 0 0 0 0 0 0 0 0 0 0 0 0 0 0 0
##$SHL_OFFSCOEFF8= (0..95)
0 0 0 0 0 0 0 0 0 0 0 0 0 0 0 0 0 0 0 0 0 0 0 0 0 0 0 0 0 0 0 0 0 0 0 0
0 0 0 0 0 0 0 0 0 0 0 0 0 0 0 0 0 0 0 0 0 0 0 0 0 0 0 0 0 0 0 0 0 0 0 0
0 0 0 0 0 0 0 0 0 0 0 0 0 0 0 0 0 0 0 0 0 0 0 0
##$SHL_OFFSCOEFF9= (0..95)
0 0 0 0 0 0 0 0 0 0 0 0 0 0 0 0 0 0 0 0 0 0 0 0 0 0 0 0 0 0 0 0 0 0 0 0
0 0 0 0 0 0 0 0 0 0 0 0 0 0 0 0 0 0 0 0 0 0 0 0 0 0 0 0 0 0 0 0 0 0 0 0
0 0 0 0 0 0 0 0 0 0 0 0 0 0 0 0 0 0 0 0 0 0 0 0
##$SHL_PHASE= (0..15)
60 0 0 0 0 0 0 0 0 0 0 0 0 0 0 0
##$SHL_PHASEFAC= (0..15)
0 0 0 0 0 0 0 0 0 0 0 0 0 0 0 0
##$SHL_POWERINDEX= (0..15)
0 0 0 0 0 0 0 0 0 0 0 0 0 0 0 0
##$SHL_QUADCOEFF= (0..15)
0 0 0 0 0 0 0 0 0 0 0 0 0 0 0 0
##$SHL_RIGHTLIMIT= (0..15)
0 0 0 0 0 0 0 0 0 0 0 0 0 0 0 0
##$SHL_SCALEFACTOR= (0..15)
1 1 1 1 1 1 1 1 1 1 1 1 1 1 1 1
##$SHL_SF= (0..15)
<> <> <> <> <> <> <> <> <> <> <> <> <> <> <> <>
##$SHL_SFCOEFFS0= (0..200)
0 0 0 0 0 0 0 0 0 0 0 0 0 0 0 0 0 0 0 0 0 0 0 0 0 0 0 0 0 0 0 0 0 0 0 0
0 0 0 0 0 0 0 0 0 0 0 0 0 0 0 0 0 0 0 0 0 0 0 0 0 0 0 0 0 0 0 0 0 0 0 0
0 0 0 0 0 0 0 0 0 0 0 0 0 0 0 0 0 0 0 0 0 0 0 0 0 0 0 0 0 0 0 0 0 0 0 0
0 0 0 0 0 0 0 0 0 0 0 0 0 0 0 0 0 0 0 0 0 0 0 0 0 0 0 0 0 0 0 0 0 0 0 0
0 0 0 0 0 0 0 0 0 0 0 0 0 0 0 0 0 0 0 0 0 0 0 0 0 0 0 0 0 0 0 0 0 0 0 0
0 0 0 0 0 0 0 0 0 0 0 0 0 0 0 0 0 0 0 0 0
##$SHL_SFCOEFFS1= (0..200)
0 0 0 0 0 0 0 0 0 0 0 0 0 0 0 0 0 0 0 0 0 0 0 0 0 0 0 0 0 0 0 0 0 0 0 0
0 0 0 0 0 0 0 0 0 0 0 0 0 0 0 0 0 0 0 0 0 0 0 0 0 0 0 0 0 0 0 0 0 0 0 0
0 0 0 0 0 0 0 0 0 0 0 0 0 0 0 0 0 0 0 0 0 0 0 0 0 0 0 0 0 0 0 0 0 0 0 0
0 0 0 0 0 0 0 0 0 0 0 0 0 0 0 0 0 0 0 0 0 0 0 0 0 0 0 0 0 0 0 0 0 0 0 0
0 0 0 0 0 0 0 0 0 0 0 0 0 0 0 0 0 0 0 0 0 0 0 0 0 0 0 0 0 0 0 0 0 0 0 0
0 0 0 0 0 0 0 0 0 0 0 0 0 0 0 0 0 0 0 0 0
##$SHL_SFCOEFFS10= (0..200)
0 0 0 0 0 0 0 0 0 0 0 0 0 0 0 0 0 0 0 0 0 0 0 0 0 0 0 0 0 0 0 0 0 0 0 0
0 0 0 0 0 0 0 0 0 0 0 0 0 0 0 0 0 0 0 0 0 0 0 0 0 0 0 0 0 0 0 0 0 0 0 0
0 0 0 0 0 0 0 0 0 0 0 0 0 0 0 0 0 0 0 0 0 0 0 0 0 0 0 0 0 0 0 0 0 0 0 0
0 0 0 0 0 0 0 0 0 0 0 0 0 0 0 0 0 0 0 0 0 0 0 0 0 0 0 0 0 0 0 0 0 0 0 0
0 0 0 0 0 0 0 0 0 0 0 0 0 0 0 0 0 0 0 0 0 0 0 0 0 0 0 0 0 0 0 0 0 0 0 0
0 0 0 0 0 0 0 0 0 0 0 0 0 0 0 0 0 0 0 0 0
##$SHL_SFCOEFFS11= (0..200)
0 0 0 0 0 0 0 0 0 0 0 0 0 0 0 0 0 0 0 0 0 0 0 0 0 0 0 0 0 0 0 0 0 0 0 0
0 0 0 0 0 0 0 0 0 0 0 0 0 0 0 0 0 0 0 0 0 0 0 0 0 0 0 0 0 0 0 0 0 0 0 0
0 0 0 0 0 0 0 0 0 0 0 0 0 0 0 0 0 0 0 0 0 0 0 0 0 0 0 0 0 0 0 0 0 0 0 0
0 0 0 0 0 0 0 0 0 0 0 0 0 0 0 0 0 0 0 0 0 0 0 0 0 0 0 0 0 0 0 0 0 0 0 0
0 0 0 0 0 0 0 0 0 0 0 0 0 0 0 0 0 0 0 0 0 0 0 0 0 0 0 0 0 0 0 0 0 0 0 0
0 0 0 0 0 0 0 0 0 0 0 0 0 0 0 0 0 0 0 0 0
##$SHL_SFCOEFFS12= (0..200)
0 0 0 0 0 0 0 0 0 0 0 0 0 0 0 0 0 0 0 0 0 0 0 0 0 0 0 0 0 0 0 0 0 0 0 0
0 0 0 0 0 0 0 0 0 0 0 0 0 0 0 0 0 0 0 0 0 0 0 0 0 0 0 0 0 0 0 0 0 0 0 0
0 0 0 0 0 0 0 0 0 0 0 0 0 0 0 0 0 0 0 0 0 0 0 0 0 0 0 0 0 0 0 0 0 0 0 0
0 0 0 0 0 0 0 0 0 0 0 0 0 0 0 0 0 0 0 0 0 0 0 0 0 0 0 0 0 0 0 0 0 0 0 0
0 0 0 0 0 0 0 0 0 0 0 0 0 0 0 0 0 0 0 0 0 0 0 0 0 0 0 0 0 0 0 0 0 0 0 0
0 0 0 0 0 0 0 0 0 0 0 0 0 0 0 0 0 0 0 0 0
##$SHL_SFCOEFFS13= (0..200)
0 0 0 0 0 0 0 0 0 0 0 0 0 0 0 0 0 0 0 0 0 0 0 0 0 0 0 0 0 0 0 0 0 0 0 0
0 0 0 0 0 0 0 0 0 0 0 0 0 0 0 0 0 0 0 0 0 0 0 0 0 0 0 0 0 0 0 0 0 0 0 0
0 0 0 0 0 0 0 0 0 0 0 0 0 0 0 0 0 0 0 0 0 0 0 0 0 0 0 0 0 0 0 0 0 0 0 0
0 0 0 0 0 0 0 0 0 0 0 0 0 0 0 0 0 0 0 0 0 0 0 0 0 0 0 0 0 0 0 0 0 0 0 0
0 0 0 0 0 0 0 0 0 0 0 0 0 0 0 0 0 0 0 0 0 0 0 0 0 0 0 0 0 0 0 0 0 0 0 0
0 0 0 0 0 0 0 0 0 0 0 0 0 0 0 0 0 0 0 0 0
##$SHL_SFCOEFFS14= (0..200)
0 0 0 0 0 0 0 0 0 0 0 0 0 0 0 0 0 0 0 0 0 0 0 0 0 0 0 0 0 0 0 0 0 0 0 0
0 0 0 0 0 0 0 0 0 0 0 0 0 0 0 0 0 0 0 0 0 0 0 0 0 0 0 0 0 0 0 0 0 0 0 0
0 0 0 0 0 0 0 0 0 0 0 0 0 0 0 0 0 0 0 0 0 0 0 0 0 0 0 0 0 0 0 0 0 0 0 0
0 0 0 0 0 0 0 0 0 0 0 0 0 0 0 0 0 0 0 0 0 0 0 0 0 0 0 0 0 0 0 0 0 0 0 0
0 0 0 0 0 0 0 0 0 0 0 0 0 0 0 0 0 0 0 0 0 0 0 0 0 0 0 0 0 0 0 0 0 0 0 0
0 0 0 0 0 0 0 0 0 0 0 0 0 0 0 0 0 0 0 0 0
##$SHL_SFCOEFFS15= (0..200)
0 0 0 0 0 0 0 0 0 0 0 0 0 0 0 0 0 0 0 0 0 0 0 0 0 0 0 0 0 0 0 0 0 0 0 0
0 0 0 0 0 0 0 0 0 0 0 0 0 0 0 0 0 0 0 0 0 0 0 0 0 0 0 0 0 0 0 0 0 0 0 0
0 0 0 0 0 0 0 0 0 0 0 0 0 0 0 0 0 0 0 0 0 0 0 0 0 0 0 0 0 0 0 0 0 0 0 0
0 0 0 0 0 0 0 0 0 0 0 0 0 0 0 0 0 0 0 0 0 0 0 0 0 0 0 0 0 0 0 0 0 0 0 0
0 0 0 0 0 0 0 0 0 0 0 0 0 0 0 0 0 0 0 0 0 0 0 0 0 0 0 0 0 0 0 0 0 0 0 0
0 0 0 0 0 0 0 0 0 0 0 0 0 0 0 0 0 0 0 0 0
##$SHL_SFCOEFFS2= (0..200)
0 0 0 0 0 0 0 0 0 0 0 0 0 0 0 0 0 0 0 0 0 0 0 0 0 0 0 0 0 0 0 0 0 0 0 0
0 0 0 0 0 0 0 0 0 0 0 0 0 0 0 0 0 0 0 0 0 0 0 0 0 0 0 0 0 0 0 0 0 0 0 0
0 0 0 0 0 0 0 0 0 0 0 0 0 0 0 0 0 0 0 0 0 0 0 0 0 0 0 0 0 0 0 0 0 0 0 0
0 0 0 0 0 0 0 0 0 0 0 0 0 0 0 0 0 0 0 0 0 0 0 0 0 0 0 0 0 0 0 0 0 0 0 0
0 0 0 0 0 0 0 0 0 0 0 0 0 0 0 0 0 0 0 0 0 0 0 0 0 0 0 0 0 0 0 0 0 0 0 0
0 0 0 0 0 0 0 0 0 0 0 0 0 0 0 0 0 0 0 0 0
##$SHL_SFCOEFFS3= (0..200)
0 0 0 0 0 0 0 0 0 0 0 0 0 0 0 0 0 0 0 0 0 0 0 0 0 0 0 0 0 0 0 0 0 0 0 0
0 0 0 0 0 0 0 0 0 0 0 0 0 0 0 0 0 0 0 0 0 0 0 0 0 0 0 0 0 0 0 0 0 0 0 0
0 0 0 0 0 0 0 0 0 0 0 0 0 0 0 0 0 0 0 0 0 0 0 0 0 0 0 0 0 0 0 0 0 0 0 0
0 0 0 0 0 0 0 0 0 0 0 0 0 0 0 0 0 0 0 0 0 0 0 0 0 0 0 0 0 0 0 0 0 0 0 0
0 0 0 0 0 0 0 0 0 0 0 0 0 0 0 0 0 0 0 0 0 0 0 0 0 0 0 0 0 0 0 0 0 0 0 0
0 0 0 0 0 0 0 0 0 0 0 0 0 0 0 0 0 0 0 0 0
##$SHL_SFCOEFFS4= (0..200)
0 0 0 0 0 0 0 0 0 0 0 0 0 0 0 0 0 0 0 0 0 0 0 0 0 0 0 0 0 0 0 0 0 0 0 0
0 0 0 0 0 0 0 0 0 0 0 0 0 0 0 0 0 0 0 0 0 0 0 0 0 0 0 0 0 0 0 0 0 0 0 0
0 0 0 0 0 0 0 0 0 0 0 0 0 0 0 0 0 0 0 0 0 0 0 0 0 0 0 0 0 0 0 0 0 0 0 0
0 0 0 0 0 0 0 0 0 0 0 0 0 0 0 0 0 0 0 0 0 0 0 0 0 0 0 0 0 0 0 0 0 0 0 0
0 0 0 0 0 0 0 0 0 0 0 0 0 0 0 0 0 0 0 0 0 0 0 0 0 0 0 0 0 0 0 0 0 0 0 0
0 0 0 0 0 0 0 0 0 0 0 0 0 0 0 0 0 0 0 0 0
##$SHL_SFCOEFFS5= (0..200)
0 0 0 0 0 0 0 0 0 0 0 0 0 0 0 0 0 0 0 0 0 0 0 0 0 0 0 0 0 0 0 0 0 0 0 0
0 0 0 0 0 0 0 0 0 0 0 0 0 0 0 0 0 0 0 0 0 0 0 0 0 0 0 0 0 0 0 0 0 0 0 0
0 0 0 0 0 0 0 0 0 0 0 0 0 0 0 0 0 0 0 0 0 0 0 0 0 0 0 0 0 0 0 0 0 0 0 0
0 0 0 0 0 0 0 0 0 0 0 0 0 0 0 0 0 0 0 0 0 0 0 0 0 0 0 0 0 0 0 0 0 0 0 0
0 0 0 0 0 0 0 0 0 0 0 0 0 0 0 0 0 0 0 0 0 0 0 0 0 0 0 0 0 0 0 0 0 0 0 0
0 0 0 0 0 0 0 0 0 0 0 0 0 0 0 0 0 0 0 0 0
##$SHL_SFCOEFFS6= (0..200)
0 0 0 0 0 0 0 0 0 0 0 0 0 0 0 0 0 0 0 0 0 0 0 0 0 0 0 0 0 0 0 0 0 0 0 0
0 0 0 0 0 0 0 0 0 0 0 0 0 0 0 0 0 0 0 0 0 0 0 0 0 0 0 0 0 0 0 0 0 0 0 0
0 0 0 0 0 0 0 0 0 0 0 0 0 0 0 0 0 0 0 0 0 0 0 0 0 0 0 0 0 0 0 0 0 0 0 0
0 0 0 0 0 0 0 0 0 0 0 0 0 0 0 0 0 0 0 0 0 0 0 0 0 0 0 0 0 0 0 0 0 0 0 0
0 0 0 0 0 0 0 0 0 0 0 0 0 0 0 0 0 0 0 0 0 0 0 0 0 0 0 0 0 0 0 0 0 0 0 0
0 0 0 0 0 0 0 0 0 0 0 0 0 0 0 0 0 0 0 0 0
##$SHL_SFCOEFFS7= (0..200)
0 0 0 0 0 0 0 0 0 0 0 0 0 0 0 0 0 0 0 0 0 0 0 0 0 0 0 0 0 0 0 0 0 0 0 0
0 0 0 0 0 0 0 0 0 0 0 0 0 0 0 0 0 0 0 0 0 0 0 0 0 0 0 0 0 0 0 0 0 0 0 0
0 0 0 0 0 0 0 0 0 0 0 0 0 0 0 0 0 0 0 0 0 0 0 0 0 0 0 0 0 0 0 0 0 0 0 0
0 0 0 0 0 0 0 0 0 0 0 0 0 0 0 0 0 0 0 0 0 0 0 0 0 0 0 0 0 0 0 0 0 0 0 0
0 0 0 0 0 0 0 0 0 0 0 0 0 0 0 0 0 0 0 0 0 0 0 0 0 0 0 0 0 0 0 0 0 0 0 0
0 0 0 0 0 0 0 0 0 0 0 0 0 0 0 0 0 0 0 0 0
##$SHL_SFCOEFFS8= (0..200)
0 0 0 0 0 0 0 0 0 0 0 0 0 0 0 0 0 0 0 0 0 0 0 0 0 0 0 0 0 0 0 0 0 0 0 0
0 0 0 0 0 0 0 0 0 0 0 0 0 0 0 0 0 0 0 0 0 0 0 0 0 0 0 0 0 0 0 0 0 0 0 0
0 0 0 0 0 0 0 0 0 0 0 0 0 0 0 0 0 0 0 0 0 0 0 0 0 0 0 0 0 0 0 0 0 0 0 0
0 0 0 0 0 0 0 0 0 0 0 0 0 0 0 0 0 0 0 0 0 0 0 0 0 0 0 0 0 0 0 0 0 0 0 0
0 0 0 0 0 0 0 0 0 0 0 0 0 0 0 0 0 0 0 0 0 0 0 0 0 0 0 0 0 0 0 0 0 0 0 0
0 0 0 0 0 0 0 0 0 0 0 0 0 0 0 0 0 0 0 0 0
##$SHL_SFCOEFFS9= (0..200)
0 0 0 0 0 0 0 0 0 0 0 0 0 0 0 0 0 0 0 0 0 0 0 0 0 0 0 0 0 0 0 0 0 0 0 0
0 0 0 0 0 0 0 0 0 0 0 0 0 0 0 0 0 0 0 0 0 0 0 0 0 0 0 0 0 0 0 0 0 0 0 0
0 0 0 0 0 0 0 0 0 0 0 0 0 0 0 0 0 0 0 0 0 0 0 0 0 0 0 0 0 0 0 0 0 0 0 0
0 0 0 0 0 0 0 0 0 0 0 0 0 0 0 0 0 0 0 0 0 0 0 0 0 0 0 0 0 0 0 0 0 0 0 0
0 0 0 0 0 0 0 0 0 0 0 0 0 0 0 0 0 0 0 0 0 0 0 0 0 0 0 0 0 0 0 0 0 0 0 0
0 0 0 0 0 0 0 0 0 0 0 0 0 0 0 0 0 0 0 0 0
##$SHL_SMOOTHED= (0..15)
0 0 0 0 0 0 0 0 0 0 0 0 0 0 0 0
##$SHL_SMOOTHING= (0..15)
0 0 0 0 0 0 0 0 0 0 0 0 0 0 0 0
##$SHL_SPOAL= (0..15)
0 0 0 0 0 0 0 0 0 0 0 0 0 0 0 0
##$SHL_SPOFFS= (0..15)
0 0 0 0 0 0 0 0 0 0 0 0 0 0 0 0
##$SHL_SPOPH= (0..15)
0 0 0 0 0 0 0 0 0 0 0 0 0 0 0 0
##$SHL_STARTAMP= (0..15)
0 0 0 0 0 0 0 0 0 0 0 0 0 0 0 0
##$SHL_SW= (0..15)
0 0 0 0 0 0 0 0 0 0 0 0 0 0 0 0
##$SHL_SWDIR= (0..15)
-1 -1 -1 -1 -1 -1 -1 -1 -1 -1 -1 -1 -1 -1 -1 -1
##$SHL_TANKAPPA= (0..15)
0 0 0 0 0 0 0 0 0 0 0 0 0 0 0 0
##$SHL_TOTROT= (0..15)
90 0 0 0 0 0 0 0 0 0 0 0 0 0 0 0
##$SHL_TRUNCLEV= (0..15)
0 0 0 0 0 0 0 0 0 0 0 0 0 0 0 0
##$SHL_TYPE= (0..15)
<Excitation> <> <> <> <> <> <> <> <> <> <> <> <> <> <> <>
##$SHL_WINDOWSIZE= (0..15)
0 0 0 0 0 0 0 0 0 0 0 0 0 0 0 0
##$SHL_ZETA= (0..15)
0 0 0 0 0 0 0 0 0 0 0 0 0 0 0 0
##NPOINTS= 1000
##XYPOINTS= (XY..XY)
71.428571, 0.000000
71.497488, 0.000000
71.565907, 0.000000
71.633837, 0.000000
71.701282, 0.000000
71.768248, 0.000000
71.834741, 0.000000
71.900767, 0.000000
71.966330, 0.000000
72.031437, 0.000000
72.096093, 0.000000
72.160302, 0.000000
72.224071, 0.000000
72.287404, 0.000000
72.350306, 0.000000
72.412782, 0.000000
72.474837, 0.000000
72.536475, 0.000000
72.597703, 0.000000
72.658523, 0.000000
72.718941, 0.000000
72.778961, 0.000000
72.838588, 0.000000
72.897825, 0.000000
72.956678, 0.000000
73.015151, 0.000000
73.073247, 0.000000
73.130971, 0.000000
73.188327, 0.000000
73.245319, 0.000000
73.301951, 0.000000
73.358226, 0.000000
73.414149, 0.000000
73.469724, 0.000000
73.524954, 0.000000
73.579842, 0.000000
73.634393, 0.000000
73.688610, 0.000000
73.742497, 0.000000
73.796056, 0.000000
73.849292, 0.000000
73.902208, 0.000000
73.954807, 0.000000
74.007093, 0.000000
74.059068, 0.000000
74.110736, 0.000000
74.162101, 0.000000
74.213164, 0.000000
74.263930, 0.000000
74.314401, 0.000000
74.364581, 0.000000
74.414472, 0.000000
74.464077, 0.000000
74.513399, 0.000000
74.562441, 0.000000
74.611206, 0.000000
74.659697, 0.000000
74.707916, 0.000000
74.755865, 0.000000
74.803548, 0.000000
74.850968, 0.000000
74.898126, 0.000000
74.945026, 0.000000
74.991670, 0.000000
75.038060, 0.000000
75.084199, 0.000000
75.130089, 0.000000
75.175733, 0.000000
75.221133, 0.000000
75.266292, 0.000000
75.311212, 0.000000
75.355894, 0.000000
75.400342, 0.000000
75.444557, 0.000000
75.488542, 0.000000
75.532300, 0.000000
75.575831, 0.000000
75.619138, 0.000000
75.662224, 0.000000
75.705090, 0.000000
75.747738, 0.000000
75.790171, 0.000000
75.832391, 0.000000
75.874399, 0.000000
75.916197, 0.000000
75.957787, 0.000000
75.999172, 0.000000
76.040353, 0.000000
76.081332, 0.000000
76.122111, 0.000000
76.162691, 0.000000
76.203075, 0.000000
76.243264, 0.000000
76.283260, 0.000000
76.323064, 0.000000
76.362679, 0.000000
76.402106, 0.000000
76.441347, 0.000000
76.480404, 0.000000
76.519277, 0.000000
76.557969, 0.000000
76.596482, 0.000000
76.634816, 0.000000
76.672974, 0.000000
76.710957, 0.000000
76.748766, 0.000000
76.786404, 0.000000
76.823871, 0.000000
76.861169, 0.000000
76.898299, 0.000000
76.935264, 0.000000
76.972064, 0.000000
77.008701, 0.000000
77.045176, 0.000000
77.081490, 0.000000
77.117646, 0.000000
77.153644, 0.000000
77.189485, 0.000000
77.225172, 0.000000
77.260705, 0.000000
77.296085, 0.000000
77.331314, 0.000000
77.366394, 0.000000
77.401325, 0.000000
77.436109, 0.000000
77.470746, 0.000000
77.505239, 0.000000
77.539588, 0.000000
77.573795, 0.000000
77.607861, 0.000000
77.641786, 0.000000
77.675572, 0.000000
77.709221, 0.000000
77.742733, 0.000000
77.776109, 0.000000
77.809351, 0.000000
77.842460, 0.000000
77.875436, 0.000000
77.908282, 0.000000
77.940997, 0.000000
77.973583, 0.000000
78.006041, 0.000000
78.038372, 0.000000
78.070578, 0.000000
78.102658, 0.000000
78.134615, 0.000000
78.166448, 0.000000
78.198160, 0.000000
78.229751, 0.000000
78.261222, 0.000000
78.292574, 0.000000
78.323807, 0.000000
78.354924, 0.000000
78.385924, 0.000000
78.416809, 0.000000
78.447580, 0.000000
78.478237, 0.000000
78.508782, 0.000000
78.539215, 0.000000
78.569537, 0.000000
78.599750, 0.000000
78.629853, 0.000000
78.659848, 0.000000
78.689736, 0.000000
78.719517, 0.000000
78.749192, 0.000000
78.778762, 0.000000
78.808229, 0.000000
78.837592, 0.000000
78.866853, 0.000000
78.896012, 0.000000
78.925070, 0.000000
78.954028, 0.000000
78.982886, 0.000000
79.011646, 0.000000
79.040308, 0.000000
79.068874, 0.000000
79.097342, 0.000000
79.125715, 0.000000
79.153994, 0.000000
79.182178, 0.000000
79.210269, 0.000000
79.238267, 0.000000
79.266172, 0.000000
79.293987, 0.000000
79.321711, 0.000000
79.349345, 0.000000
79.376890, 0.000000
79.404346, 0.000000
79.431714, 0.000000
79.458995, 0.000000
79.486190, 0.000000
79.513298, 0.000000
79.540321, 0.000000
79.567259, 0.000000
79.594114, 0.000000
79.620884, 0.000000
79.647573, 0.000000
79.674178, 0.000000
79.700703, 0.000000
79.727146, 0.000000
79.753509, 0.000000
79.779792, 0.000000
79.805996, 0.000000
79.832122, 0.000000
79.858169, 0.000000
79.884139, 0.000000
79.910033, 0.000000
79.935849, 0.000000
79.961591, 0.000000
79.987257, 0.000000
80.012848, 0.000000
80.038365, 0.000000
80.063809, 0.000000
80.089180, 0.000000
80.114478, 0.000000
80.139705, 0.000000
80.164860, 0.000000
80.189944, 0.000000
80.214958, 0.000000
80.239902, 0.000000
80.264776, 0.000000
80.289582, 0.000000
80.314320, 0.000000
80.338989, 0.000000
80.363592, 0.000000
80.388127, 0.000000
80.412597, 0.000000
80.437000, 0.000000
80.461338, 0.000000
80.485611, 0.000000
80.509820, 0.000000
80.533964, 0.000000
80.558046, 0.000000
80.582064, 0.000000
80.606019, 0.000000
80.629913, 0.000000
80.653744, 0.000000
80.677515, 0.000000
80.701225, 0.000000
80.724874, 0.000000
80.748463, 0.000000
80.771993, 0.000000
80.795464, 0.000000
80.818877, 0.000000
80.842231, 0.000000
80.865527, 0.000000
80.888766, 0.000000
80.911948, 0.000000
80.935074, 0.000000
80.958143, 0.000000
80.981157, 0.000000
81.004115, 0.000000
81.027019, 0.000000
81.049868, 0.000000
81.072662, 0.000000
81.095404, 0.000000
81.118091, 0.000000
81.140726, 0.000000
81.163308, 0.000000
81.185839, 0.000000
81.208317, 0.000000
81.230744, 0.000000
81.253120, 0.000000
81.275445, 0.000000
81.297719, 0.000000
81.319944, 0.000000
81.342119, 0.000000
81.364245, 0.000000
81.386323, 0.000000
81.408351, 0.000000
81.430332, 0.000000
81.452264, 0.000000
81.474149, 0.000000
81.495987, 0.000000
81.517779, 0.000000
81.539523, 0.000000
81.561222, 0.000000
81.582875, 0.000000
81.604483, 0.000000
81.626045, 0.000000
81.647563, 0.000000
81.669036, 0.000000
81.690465, 0.000000
81.711850, 0.000000
81.733192, 0.000000
81.754491, 0.000000
81.775746, 0.000000
81.796960, 0.000000
81.818131, 0.000000
81.839260, 0.000000
81.860348, 0.000000
81.881394, 0.000000
81.902400, 0.000000
81.923364, 0.000000
81.944289, 0.000000
81.965173, 0.000000
81.986017, 0.000000
82.006823, 0.000000
82.027588, 0.000000
82.048315, 0.000000
82.069004, 0.000000
82.089654, 0.000000
82.110266, 0.000000
82.130840, 0.000000
82.151377, 0.000000
82.171877, 0.000000
82.192340, 0.000000
82.212766, 0.000000
82.233156, 0.000000
82.253510, 0.000000
82.273828, 0.000000
82.294111, 0.000000
82.314358, 0.000000
82.334571, 0.000000
82.354748, 0.000000
82.374892, 0.000000
82.395001, 0.000000
82.415076, 0.000000
82.435117, 0.000000
82.455126, 0.000000
82.475101, 0.000000
82.495043, 0.000000
82.514952, 0.000000
82.534830, 0.000000
82.554675, 0.000000
82.574488, 0.000000
82.594270, 0.000000
82.614020, 0.000000
82.633739, 0.000000
82.653427, 0.000000
82.673085, 0.000000
82.692713, 0.000000
82.712310, 0.000000
82.731877, 0.000000
82.751415, 0.000000
82.770923, 0.000000
82.790402, 0.000000
82.809853, 0.000000
82.829274, 0.000000
82.848667, 0.000000
82.868032, 0.000000
82.887369, 0.000000
82.906678, 0.000000
82.925959, 0.000000
82.945213, 0.000000
82.964441, 0.000000
82.983641, 0.000000
83.002814, 0.000000
83.021962, 0.000000
83.041083, 0.000000
83.060178, 0.000000
83.079247, 0.000000
83.098291, 0.000000
83.117309, 0.000000
83.136303, 0.000000
83.155271, 0.000000
83.174215, 0.000000
83.193134, 0.000000
83.212029, 0.000000
83.230901, 0.000000
83.249748, 0.000000
83.268572, 0.000000
83.287372, 0.000000
83.306149, 0.000000
83.324903, 0.000000
83.343635, 0.000000
83.362343, 0.000000
83.381030, 0.000000
83.399694, 0.000000
83.418337, 0.000000
83.436957, 0.000000
83.455556, 0.000000
83.474134, 0.000000
83.492691, 0.000000
83.511226, 0.000000
83.529741, 0.000000
83.548236, 0.000000
83.566710, 0.000000
83.585164, 0.000000
83.603597, 0.000000
83.622012, 0.000000
83.640406, 0.000000
83.658781, 0.000000
83.677137, 0.000000
83.695474, 0.000000
83.713792, 0.000000
83.732092, 0.000000
83.750373, 0.000000
83.768636, 0.000000
83.786881, 0.000000
83.805108, 0.000000
83.823317, 0.000000
83.841509, 0.000000
83.859683, 0.000000
83.877840, 0.000000
83.895981, 0.000000
83.914104, 0.000000
83.932212, 0.000000
83.950302, 0.000000
83.968377, 0.000000
83.986435, 0.000000
84.004478, 0.000000
84.022504, 0.000000
84.040516, 0.000000
84.058512, 0.000000
84.076493, 0.000000
84.094459, 0.000000
84.112410, 0.000000
84.130346, 0.000000
84.148268, 0.000000
84.166176, 0.000000
84.184070, 0.000000
84.201950, 0.000000
84.219816, 0.000000
84.237668, 0.000000
84.255508, 0.000000
84.273333, 0.000000
84.291146, 0.000000
84.308946, 0.000000
84.326734, 0.000000
84.344508, 0.000000
84.362271, 0.000000
84.380021, 0.000000
84.397759, 0.000000
84.415485, 0.000000
84.433200, 0.000000
84.450903, 0.000000
84.468594, 0.000000
84.486275, 0.000000
84.503944, 0.000000
84.521603, 0.000000
84.539250, 0.000000
84.556888, 0.000000
84.574515, 0.000000
84.592131, 0.000000
84.609738, 0.000000
84.627335, 0.000000
84.644922, 0.000000
84.662499, 0.000000
84.680067, 0.000000
84.697626, 0.000000
84.715176, 0.000000
84.732717, 0.000000
84.750249, 0.000000
84.767773, 0.000000
84.785288, 0.000000
84.802794, 0.000000
84.820293, 0.000000
84.837784, 0.000000
84.855267, 0.000000
84.872742, 0.000000
84.890210, 0.000000
84.907671, 0.000000
84.925124, 0.000000
84.942571, 0.000000
84.960010, 0.000000
84.977443, 0.000000
84.994869, 0.000000
85.012289, 0.000000
85.029703, 0.000000
85.047111, 0.000000
85.064513, 0.000000
85.081909, 0.000000
85.099299, 0.000000
85.116684, 0.000000
85.134064, 0.000000
85.151438, 0.000000
85.168808, 0.000000
85.186173, 0.000000
85.203533, 0.000000
85.220889, 0.000000
85.238240, 0.000000
85.255587, 0.000000
85.272930, 0.000000
85.290269, 0.000000
85.307605, 0.000000
85.324937, 0.000000
85.342265, 0.000000
85.359590, 0.000000
85.376912, 0.000000
85.394231, 0.000000
85.411547, 0.000000
85.428861, 0.000000
85.446172, 0.000000
85.463481, 0.000000
85.480787, 0.000000
85.498092, 0.000000
85.515394, 0.000000
85.532695, 0.000000
85.549994, 0.000000
85.567292, 0.000000
85.584588, 0.000000
85.601884, 0.000000
85.619178, 0.000000
85.636471, 0.000000
85.653764, 0.000000
85.671056, 0.000000
85.688348, 0.000000
85.705640, 0.000000
85.722931, 0.000000
85.740223, 0.000000
85.757515, 0.000000
85.774807, 0.000000
85.792100, 0.000000
85.809394, 0.000000
85.826688, 0.000000
85.843983, 0.000000
85.861280, 0.000000
85.878577, 0.000000
85.895877, 0.000000
85.913177, 0.000000
85.930480, 0.000000
85.947784, 0.000000
85.965091, 0.000000
85.982399, 0.000000
85.999710, 0.000000
86.017024, 0.000000
86.034340, 0.000000
86.051659, 0.000000
86.068981, 0.000000
86.086306, 0.000000
86.103635, 0.000000
86.120967, 0.000000
86.138302, 0.000000
86.155641, 0.000000
86.172984, 0.000000
86.190331, 0.000000
86.207683, 0.000000
86.225038, 0.000000
86.242399, 0.000000
86.259763, 0.000000
86.277133, 0.000000
86.294508, 0.000000
86.311887, 0.000000
86.329272, 0.000000
86.346663, 0.000000
86.364059, 0.000000
86.381461, 0.000000
86.398868, 0.000000
86.416282, 0.000000
86.433702, 0.000000
86.451128, 0.000000
86.468561, 0.000000
86.486001, 0.000000
86.503447, 0.000000
86.520901, 0.000000
86.538361, 0.000000
86.555829, 0.000000
86.573304, 0.000000
86.590787, 0.000000
86.608278, 0.000000
86.625777, 0.000000
86.643284, 0.000000
86.660799, 0.000000
86.678322, 0.000000
86.695855, 0.000000
86.713395, 0.000000
86.730945, 0.000000
86.748504, 0.000000
86.766072, 0.000000
86.783650, 0.000000
86.801237, 0.000000
86.818833, 0.000000
86.836440, 0.000000
86.854057, 0.000000
86.871684, 0.000000
86.889321, 0.000000
86.906969, 0.000000
86.924627, 0.000000
86.942297, 0.000000
86.959977, 0.000000
86.977669, 0.000000
86.995372, 0.000000
87.013086, 0.000000
87.030813, 0.000000
87.048551, 0.000000
87.066301, 0.000000
87.084063, 0.000000
87.101838, 0.000000
87.119625, 0.000000
87.137425, 0.000000
87.155238, 0.000000
87.173064, 0.000000
87.190903, 0.000000
87.208755, 0.000000
87.226622, 0.000000
87.244501, 0.000000
87.262395, 0.000000
87.280303, 0.000000
87.298225, 0.000000
87.316162, 0.000000
87.334113, 0.000000
87.352079, 0.000000
87.370060, 0.000000
87.388056, 0.000000
87.406067, 0.000000
87.424094, 0.000000
87.442136, 0.000000
87.460195, 0.000000
87.478269, 0.000000
87.496360, 0.000000
87.514467, 0.000000
87.532591, 0.000000
87.550731, 0.000000
87.568888, 0.000000
87.587063, 0.000000
87.605254, 0.000000
87.623464, 0.000000
87.641691, 0.000000
87.659936, 0.000000
87.678198, 0.000000
87.696479, 0.000000
87.714779, 0.000000
87.733097, 0.000000
87.751434, 0.000000
87.769790, 0.000000
87.788165, 0.000000
87.806560, 0.000000
87.824974, 0.000000
87.843408, 0.000000
87.861862, 0.000000
87.880336, 0.000000
87.898830, 0.000000
87.917345, 0.000000
87.935881, 0.000000
87.954437, 0.000000
87.973015, 0.000000
87.991614, 0.000000
88.010235, 0.000000
88.028877, 0.000000
88.047541, 0.000000
88.066228, 0.000000
88.084937, 0.000000
88.103668, 0.000000
88.122422, 0.000000
88.141200, 0.000000
88.160000, 0.000000
88.178824, 0.000000
88.197671, 0.000000
88.216542, 0.000000
88.235437, 0.000000
88.254357, 0.000000
88.273300, 0.000000
88.292269, 0.000000
88.311262, 0.000000
88.330281, 0.000000
88.349324, 0.000000
88.368394, 0.000000
88.387489, 0.000000
88.406610, 0.000000
88.425757, 0.000000
88.444931, 0.000000
88.464131, 0.000000
88.483358, 0.000000
88.502612, 0.000000
88.521894, 0.000000
88.541203, 0.000000
88.560540, 0.000000
88.579904, 0.000000
88.599297, 0.000000
88.618719, 0.000000
88.638169, 0.000000
88.657648, 0.000000
88.677157, 0.000000
88.696694, 0.000000
88.716262, 0.000000
88.735859, 0.000000
88.755486, 0.000000
88.775144, 0.000000
88.794832, 0.000000
88.814552, 0.000000
88.834302, 0.000000
88.854083, 0.000000
88.873897, 0.000000
88.893742, 0.000000
88.913619, 0.000000
88.933529, 0.000000
88.953471, 0.000000
88.973446, 0.000000
88.993454, 0.000000
89.013496, 0.000000
89.033571, 0.000000
89.053680, 0.000000
89.073823, 0.000000
89.094001, 0.000000
89.114213, 0.000000
89.134461, 0.000000
89.154743, 0.000000
89.175061, 0.000000
89.195415, 0.000000
89.215805, 0.000000
89.236231, 0.000000
89.256694, 0.000000
89.277194, 0.000000
89.297731, 0.000000
89.318305, 0.000000
89.338917, 0.000000
89.359568, 0.000000
89.380256, 0.000000
89.400983, 0.000000
89.421749, 0.000000
89.442554, 0.000000
89.463398, 0.000000
89.484283, 0.000000
89.505207, 0.000000
89.526172, 0.000000
89.547177, 0.000000
89.568224, 0.000000
89.589311, 0.000000
89.610441, 0.000000
89.631612, 0.000000
89.652825, 0.000000
89.674081, 0.000000
89.695379, 0.000000
89.716721, 0.000000
89.738107, 0.000000
89.759536, 0.000000
89.781009, 0.000000
89.802527, 0.000000
89.824089, 0.000000
89.845696, 0.000000
89.867349, 0.000000
89.889048, 0.000000
89.910793, 0.000000
89.932584, 0.000000
89.954422, 0.000000
89.976307, 0.000000
89.998240, 0.000000
90.020220, 0.000000
90.042249, 0.000000
90.064326, 0.000000
90.086452, 0.000000
90.108627, 0.000000
90.130852, 0.000000
90.153127, 0.000000
90.175452, 0.000000
90.197828, 0.000000
90.220255, 0.000000
90.242733, 0.000000
90.265263, 0.000000
90.287845, 0.000000
90.310480, 0.000000
90.333168, 0.000000
90.355909, 0.000000
90.378704, 0.000000
90.401553, 0.000000
90.424456, 0.000000
90.447415, 0.000000
90.470428, 0.000000
90.493498, 0.000000
90.516623, 0.000000
90.539805, 0.000000
90.563044, 0.000000
90.586341, 0.000000
90.609695, 0.000000
90.633107, 0.000000
90.656578, 0.000000
90.680108, 0.000000
90.703698, 0.000000
90.727347, 0.000000
90.751057, 0.000000
90.774827, 0.000000
90.798659, 0.000000
90.822552, 0.000000
90.846508, 0.000000
90.870526, 0.000000
90.894607, 0.000000
90.918752, 0.000000
90.942960, 0.000000
90.967233, 0.000000
90.991571, 0.000000
91.015975, 0.000000
91.040444, 0.000000
91.064980, 0.000000
91.089582, 0.000000
91.114252, 0.000000
91.138989, 0.000000
91.163795, 0.000000
91.188670, 0.000000
91.213614, 0.000000
91.238628, 0.000000
91.263712, 0.000000
91.288867, 0.000000
91.314093, 0.000000
91.339392, 0.000000
91.364762, 0.000000
91.390206, 0.000000
91.415723, 0.000000
91.441315, 0.000000
91.466981, 0.000000
91.492722, 0.000000
91.518539, 0.000000
91.544432, 0.000000
91.570402, 0.000000
91.596449, 0.000000
91.622575, 0.000000
91.648779, 0.000000
91.675062, 0.000000
91.701425, 0.000000
91.727869, 0.000000
91.754393, 0.000000
91.780999, 0.000000
91.807687, 0.000000
91.834458, 0.000000
91.861312, 0.000000
91.888251, 0.000000
91.915274, 0.000000
91.942382, 0.000000
91.969576, 0.000000
91.996857, 0.000000
92.024225, 0.000000
92.051682, 0.000000
92.079226, 0.000000
92.106860, 0.000000
92.134584, 0.000000
92.162399, 0.000000
92.190305, 0.000000
92.218303, 0.000000
92.246394, 0.000000
92.274578, 0.000000
92.302856, 0.000000
92.331229, 0.000000
92.359698, 0.000000
92.388263, 0.000000
92.416925, 0.000000
92.445685, 0.000000
92.474544, 0.000000
92.503502, 0.000000
92.532560, 0.000000
92.561719, 0.000000
92.590979, 0.000000
92.620343, 0.000000
92.649809, 0.000000
92.679379, 0.000000
92.709055, 0.000000
92.738836, 0.000000
92.768724, 0.000000
92.798719, 0.000000
92.828822, 0.000000
92.859034, 0.000000
92.889356, 0.000000
92.919789, 0.000000
92.950334, 0.000000
92.980991, 0.000000
93.011762, 0.000000
93.042647, 0.000000
93.073648, 0.000000
93.104764, 0.000000
93.135998, 0.000000
93.167350, 0.000000
93.198820, 0.000000
93.230411, 0.000000
93.262123, 0.000000
93.293957, 0.000000
93.325913, 0.000000
93.357994, 0.000000
93.390199, 0.000000
93.422530, 0.000000
93.454988, 0.000000
93.487575, 0.000000
93.520290, 0.000000
93.553135, 0.000000
93.586111, 0.000000
93.619220, 0.000000
93.652462, 0.000000
93.685839, 0.000000
93.719351, 0.000000
93.752999, 0.000000
93.786786, 0.000000
93.820711, 0.000000
93.854776, 0.000000
93.888983, 0.000000
93.923332, 0.000000
93.957825, 0.000000
93.992463, 0.000000
94.027246, 0.000000
94.062177, 0.000000
94.097257, 0.000000
94.132486, 0.000000
94.167867, 0.000000
94.203400, 0.000000
94.239086, 0.000000
94.274928, 0.000000
94.310926, 0.000000
94.347081, 0.000000
94.383396, 0.000000
94.419871, 0.000000
94.456508, 0.000000
94.493308, 0.000000
94.530272, 0.000000
94.567403, 0.000000
94.604701, 0.000000
94.642168, 0.000000
94.679805, 0.000000
94.717615, 0.000000
94.755598, 0.000000
94.793755, 0.000000
94.832090, 0.000000
94.870602, 0.000000
94.909294, 0.000000
94.948168, 0.000000
94.987224, 0.000000
95.026465, 0.000000
95.065892, 0.000000
95.105507, 0.000000
95.145312, 0.000000
95.185308, 0.000000
95.225497, 0.000000
95.265880, 0.000000
95.306461, 0.000000
95.347239, 0.000000
95.388218, 0.000000
95.429399, 0.000000
95.470784, 0.000000
95.512375, 0.000000
95.554173, 0.000000
95.596181, 0.000000
95.638400, 0.000000
95.680833, 0.000000
95.723482, 0.000000
95.766348, 0.000000
95.809433, 0.000000
95.852741, 0.000000
95.896272, 0.000000
95.940029, 0.000000
95.984014, 0.000000
96.028229, 0.000000
96.072677, 0.000000
96.117360, 0.000000
96.162279, 0.000000
96.207438, 0.000000
96.252838, 0.000000
96.298482, 0.000000
96.344373, 0.000000
96.390512, 0.000000
96.436902, 0.000000
96.483545, 0.000000
96.530445, 0.000000
96.577603, 0.000000
96.625023, 0.000000
96.672706, 0.000000
96.720656, 0.000000
96.768875, 0.000000
96.817365, 0.000000
96.866130, 0.000000
96.915172, 0.000000
96.964494, 0.000000
97.014099, 0.000000
97.063990, 0.000000
97.114170, 0.000000
97.164641, 0.000000
97.215407, 0.000000
97.266471, 0.000000
97.317835, 0.000000
97.369503, 0.000000
97.421479, 0.000000
97.473764, 0.000000
97.526363, 0.000000
97.579279, 0.000000
97.632515, 0.000000
97.686075, 0.000000
97.739961, 0.000000
97.794178, 0.000000
97.848729, 0.000000
97.903618, 0.000000
97.958847, 0.000000
98.014422, 0.000000
98.070345, 0.000000
98.126621, 0.000000
98.183252, 0.000000
98.240244, 0.000000
98.297600, 0.000000
98.355324, 0.000000
98.413421, 0.000000
98.471893, 0.000000
98.530746, 0.000000
98.589984, 0.000000
98.649610, 0.000000
98.709631, 0.000000
98.770048, 0.000000
98.830869, 0.000000
98.892096, 0.000000
98.953735, 0.000000
99.015790, 0.000000
99.078266, 0.000000
99.141168, 0.000000
99.204500, 0.000000
99.268269, 0.000000
99.332479, 0.000000
99.397134, 0.000000
99.462241, 0.000000
99.527805, 0.000000
99.593830, 0.000000
99.660323, 0.000000
99.727290, 0.000000
99.794735, 0.000000
99.862664, 0.000000
99.931084, 0.000000
100.000000, 0.000000
##END=
