##TITLE=Parameter List, ParaVision 6.0.1
##JCAMPDX=4.24
##DATATYPE=Parameter Values
##ORIGIN=Bruker BioSpin MRI GmbH
##OWNER=nmrsu
$$ 2025-09-19 11:23:43.368 -0400  nmrsu@bruker3
$$ /opt/nmrdata/PV6.0.1_data/nmrsu/20250919_102952_QA_Phantom_T10998_EPI_test_2_148/6/visu_pars
$$ process /opt/PV6.0.1/prog/mod/acq_out
##$VisuVersion=3
##$VisuUid=( 65 )
<2.16.756.5.5.100.8323328.64298.1758295422.1>
##$VisuCreator=( 65 )
<ParaVision>
##$VisuCreatorVersion=( 65 )
<6.0.1>
##$VisuCreationDate=<2025-09-19T11:23:42,072-0400>
##$VisuInstanceModality=( 65 )
<MR>
##$VisuCoreFrameCount=1200
##$VisuCoreDim=2
##$VisuCoreSize=( 2 )
64 64
##$VisuCoreDimDesc=( 2 )
spatial spatial
##$VisuCoreExtent=( 2 )
60 60
##$VisuCoreFrameThickness=( 1 )
1.5
##$VisuCoreUnits=( 2, 65 )
<mm> <mm>
##$VisuCoreOrientation=( 1, 9 )
1 0 0 0 1 0 0 0 1
##$VisuCorePosition=( 1, 3 )
-30 -27.63021 0
##$VisuCoreDataMin=( 1200 )
0.452158885448581 0.680132404694148 0.528325183017443 0.0405481564083771 
0.50281244873043 1.15015371249987 0.909904243202252 0.325337160092403 
0.723675530659448 0.782949319589656 1.18299045001872 0.951491405411653 
0.176975881296991 0.748121349685829 0.352088023051997 1.16830631726796 
0.906482422673483 0.190279305750589 0.55156625969077 0.421101800486392 
0.838921669241374 0.341212376420255 0.348284839863003 0.391223936527679 
1.33229109887898 1.27441910883474 0.610872505845173 0.783361880044344 
0.0946651226934877 0.257470457655269 0.338343746327334 0.779589194009304 
0.488307707984305 0.583079668634501 0.858779169548006 1.05123104012908 
0.134252419678756 1.65265670406894 0.70854264436126 0.451119802380947 
0.86156307088934 0.415611480630153 0.750006389840261 0.219273027538927 
1.20249421877715 0.25450513119309 0.715720968391434 0.817114620836368 
1.028774472934 0.935366862800474 1.27471719374471 0.29024758482512 
0.203860952265201 0.239060441207829 0.523049969661671 0.458431757297749 
0.505470663684403 0.383253605500875 0.985419827554951 0.0492856532501226 
1.02719595430537 0.170642262428694 0.987024814557438 0.982713660580526 
0.267938621915184 0.282481670195251 0.472617627797845 0.627871916812702 
0.522728414246571 0.593309865113356 0.488881759993081 0.779311185439976 
0.748770494027117 1.09904281984211 0.74114332482338 0.569486793515428 
0.637123450535321 0.696936995907956 0.711475431407371 0.677135219470051 
1.27514504114013 0.583579887266368 0.93665621980353 0.425654745852643 
0.689546823752076 0.803745429446702 0.556635752347397 0.853713667468303 
0.280807171226578 0.234377656259719 1.3507548766119 0.654982843356199 
0.472075433080142 0.265883706282129 0.279409855494413 0.493668346387459 
0.447557687838582 0.525399857718036 0.758182261958654 0.638677788683505 
0.509790088023396 1.20925512361471 0.60105812300922 0.604533977143121 
0.834712482701539 0.504301677125233 0.249985824031446 0.804007083246379 
1.09920373560083 0.768792987460469 0.105214317982265 0.510011865166733 
0.899381557383925 0.982386953751058 0.521019505858062 0.17906966939993 
0.558014677995727 0.833021604143507 0.67254280489442 0.514599159633263 
1.49396670009539 0.409098207037198 0.771943943090544 0.731860326768608 
0.476058843407167 0.993694119179733 0.589589946715833 1.30063614626664 
0.448273895393381 0.730939217290137 0.751754665567104 0.500375496221486 
0.921737639152558 0.236931406140778 0.293625386109596 0.291086537348084 
0.895220052048229 0.496809454116519 0.449941772510297 0.37395932501659 
0.66852766510714 0.359634137183332 0.425261829101485 0.765285599102295 
0.973075715089543 0.0592085954391801 0.404649661407104 0.399715169235506 
1.02216228885351 1.02695092643211 0.580547340054421 0.891424327101853 
0.805868105574562 0.374088710227801 0.19201118948116 1.2180224905022 
0.442213727881753 1.42340646098432 1.39279829217441 1.26543472545117 
0.0921450438657228 0.26422239773377 0.258265964199708 0.31676421876241 
0.395128605402868 0.71244376719404 0.590529364090438 0.0570084754647002 
0.675367420455857 0.162549410082719 0.78100602329423 0.871378108593749 
0.825434467788884 0.814721595234911 0.692258401475591 0.19678209923792 
0.38903561874514 0.0794528043443927 0.458674869312103 0.231292341855856 
0.664545965942499 0.467889243493105 0.143360369855543 0.618299299603322 
1.19424497543933 0.531665526910248 0.183374897282796 0.387902678280027 
1.05250060899107 1.1763129315386 0.822044515921445 0.22295548044316 
0.125535895021569 0.146453556004602 1.52428060363027 1.39719631090228 
0.23641274339789 1.35111608252692 0.296065957978633 0.20680469397381 
0.634317651477919 0.809796161601913 0.437720610841672 0.490109599100964 
0.500652788324342 0.771713081782264 0.815052154702458 1.25541241255827 
0.661849438825756 0.548054210488366 0.50422260878275 0.406684404881458 
0.88978452114406 0.768013552200805 0.537890584396612 0.709014655482576 
0.756832995371874 0.24063530811038 0.508049683357959 0.765056059667967 
0.559614752932772 0.743324907542132 0.263912511136872 0.167721014393154 
0.910765036133787 0.755796999894208 0.760098241249672 0.409887035064045 
0.871746476618471 1.1631767748642 0.521216618552126 0.0903613987181214 
0.66517881708637 0.409552584153252 0.89542725808666 0.142979011872054 
0.289168830234567 0.424188107844694 0.516899031360046 0.584726548712342 
0.77349190709028 0.834681737555132 0.259730510843382 0.711125297954578 
0.716841012303475 0.549672563095235 0.358175100758009 0.697554058788074 
0.59458940153401 0.273102309487714 1.0302145068349 0.311985770438261 
0.532043061364841 0.55920350348716 0.630352310543124 0.455652546411684 
0.132096075500798 0.161915434738125 0.368130392873827 0.508062065938963 
0.998872722662141 0.186161038340429 0.179566775263176 0.759980340880718 
0.879985719758063 0.798963921666435 0.3841156455575 0.926798289351145 
0.695959609379541 0.155592987757124 0.746688989926218 0.709212228449774 
0.545065012914782 1.17018410239974 0.23420546619223 1.07834464107655 
0.343364142377343 0.210911610114349 0.984920627194902 0.55476873939606 
0.394370251000765 1.05867254475477 0.305342559579301 0.633555604892484 
0.702514930851768 0.410397922678379 0.837226680633185 0.32955884261108 
0.732260533689829 0.430822932632347 0.501097278549857 0.5781422178274 
0.354851688901797 0.873977378075019 1.06499269771363 0.885067042818375 
0.400240006429292 0.175790549827642 0.885383175172241 1.06897266051592 
0.68298422824678 0.726114246345277 0.470147644412341 0.765134207997446 
0.196390892721292 0.452184638874843 0.896040889313754 0.573538482505956 
0.585227807301963 1.51027430962747 0.282564439991503 0.472757717766117 
0.3797350339652 1.2211825498915 0.718140381565809 0.666400274434155 
0.0175065012719513 0.633090531775256 0.558195487794437 0.672380479453135 
0.862317655568573 0.291864981964765 0.588833368165458 0.251524406496404 
0.274524179236208 0.264972067583359 0.709786422832395 0.864438836422531 
1.19878143686954 0.744896957121447 1.3189439927171 0.456081386430122 
0.339913858057695 0.333046114316394 0.915594907209362 0.715622890132137 
0.795614732996256 0.514821657383184 0.344744113650882 0.532709982409553 
0.297619518381913 0.263546100732458 0.346302568385185 0.522022819311179 
0.301204016208088 0.348856608193365 0.863975983000931 0.61667294400115 
0.254033921470912 1.18049657502243 0.264414136087038 0.589851840180937 
0.870817001836441 1.27847366975047 1.54794334678558 0.629745864909136 
0.580318054736956 0.219600728989314 0.720436965233431 0.602599283688724 
0.827624843548212 0.907487175221453 0.331559679315809 0.197003671088712 
0.488783350172669 0.231921973398857 0.567792671260085 1.23335336603915 
0.837899385288368 1.0507971042576 0.59631206558124 0.302956894810192 
0.863901965776786 0.53910871825635 0.378992586080333 0.734705357378855 
0.526074602471223 0.579618025409574 1.33383880991516 0.375879171723249 
0.849164383597604 0.631634856276879 0.670346498371552 0.2080691862514 
0.27199950186805 0.375713039298018 0.573417964213772 0.538231833244654 
0.24332628181749 0.881308134742258 0.504152896597867 0.544746622012818 
0.572531075614755 0.396778789726641 1.41263957739219 1.08468665109105 
1.06292327175365 0.467410256813103 1.48501187748053 0.366368451014415 
0.632657218692729 0.116774777210459 0.704788685490308 1.41311211582559 
0.152706903456871 0.592525529553236 0.17362287488219 0.245125203880453 
0.796013272737661 0.840467173843831 1.37117636217723 0.642696182150697 
0.409163674428767 0.184598729560384 1.17441164239229 0.421070795653281 
0.569830486075598 0.340604499635419 0.754759103806989 0.527145894031179 
0.281299721760985 0.38382733410323 0.597937992152989 0.460292535094799 
0.637086132174343 0.548861010871804 0.498681731157592 0.316959803561381 
0.621563537714257 0.793397311350958 0.162798585031109 0.424879056010703 
0.672290722829443 0.230309905429412 0.64965151725204 0.966426626136893 
0.779347465074898 0.405383582583055 1.14820341179803 0.606842566984877 
0.125190304680729 0.40443516673505 0.178022908037565 1.17655537475183 
0.509538999152391 0.41188223015034 0.898786399289335 0.298679207074083 
0.997599758321718 1.15985417869521 0.510134759501064 1.40091229219659 
0.437116373582692 0.890121948727036 0.320385011293978 0.449742311692348 
1.31437065820938 0.0762255659265967 0.122077086987743 0.627841388109926 
1.01801980630386 0.421297923229045 0.494656595795504 0.588847136709152 
0.60517469886075 0.256803747347353 0.771028210906138 0.721042611008373 
0.971784411305299 0.498830174333419 0.893265897037717 0.58386234044851 
0.479124527882753 0.716452398010842 0.695044728639907 0.810818296867358 
1.24954590728248 0.928065148817003 0.618123164912221 0.71059178662112 
0.38749548072933 0.280414482996415 0.501691584453646 1.0836123089064 
0.67718295917974 0.858390868837988 0.510363953288149 0.397039481938785 
0.279456119329518 0.288684423155072 0.33303489362919 0.891302309310477 
0.885775691166072 0.0471937391724982 1.07334203868388 0.091181735763444 
1.1704021438045 0.364156719438307 0.927966993771711 0.555054242507571 
1.30266044897826 1.20722169755175 0.613001655013055 0.398720624414443 
0.20009883725574 0.0250277491322027 0.492634939703798 0.985542750304448 
1.23773438967112 1.29928407590848 0.731255367452621 0.591547318425714 
0.575539456465787 1.0186512343965 0.583282959593123 1.34112266908117 
0.49182122095171 0.584774621174106 0.215900503904054 0.486154147334243 
0.675514684045547 0.519061107473893 0.495287945350535 0.853484606869516 
1.00760245449746 0.356590062606268 0.279699916623606 0.550033870706595 
0.204950780824379 1.3714257295453 0.382258463309741 0.402785824907052 
1.21385613977763 0.589391764403357 0.161688153635814 0.222889777475299 
0.807507918719474 0.286069130518143 0.440114647891377 0.178899143601313 
0.773620880959496 0.694634979830232 0.693940147074188 1.55978465941492 
0.403162696078789 0.283787058077738 0.587048516170082 0.923641734335147 
0.336622335061314 1.11894214849876 1.21964942406026 0.986319367945248 
0.62950766458787 1.28367038286315 0.635739637615111 0.61196443663907 
0.725016870358806 0.608294408778005 0.646625381305032 0.645383122502981 
0.586178868053006 0.257701725131266 0.666508488457511 0.823093168896408 
0.99595263292754 0.525968186601772 0.0557572041571392 0.521857934389538 
0.250720346677503 0.84188936434465 0.849685753453738 0.414069300389099 
1.1879626367295 0.457039144955676 0.834953908618544 0.657594154294642 
0.936927372544894 0.152835124341534 0.726502446658818 0.629839887616106 
0.252927103811047 0.622306240498476 0.953338667833312 0.890894700227664 
0.93715744247212 0.171433568085034 0.656346513814922 0.196716559059086 
0.94433106623085 0.523868981068626 0.628000791913967 0.359471528879681 
0.549015973496311 0.818735318401006 0.649873235432534 0.737199083216133 
1.12557960126723 0.820993265009749 0.682405830267067 0.298451914558048 
0.391758219606236 0.589919027148949 1.01870847314742 0.538867680850287 
0.3120168345101 0.210135022944445 0.0547968494129826 0.0710411827600861 
0.974056666904174 0.175692876024555 0.190016380188708 0.198287542349336 
0.605524357535109 0.384201906135889 0.517783825926982 1.35566423268799 
1.10815940830248 0.757631085649618 0.29002287025021 0.425193914847189 
0.264777190088771 0.548287780834047 1.80285190816248 0.284762633723407 
0.693573106042405 1.08104602662398 0.695675264115566 0.316215458110163 
0.679322858324399 0.520892339094773 1.20789403894946 0.31883575510493 
1.03398646348702 0.529437705892115 0.514225993967931 0.287055754112443 
0.782373269180866 0.839852048422338 0.930519631110903 0.603747460784935 
0.750646217059239 0.423597717152295 0.820738122506147 0.33983940614012 
0.754729613416913 0.50279402660997 0.0861467228832886 1.00637926909573 
0.0785891969790703 1.02852642514517 0.414241787336465 0.214958909066091 
0.642911310619325 0.862006657608056 0.455630192642428 0.653360700418115 
0.70182096905211 0.320617869912447 1.4297776247067 0.411593121227144 
0.583599030667965 0.326460024690486 0.780030931292387 0.490146673927766 
0.392286089511926 0.221013595758386 0.437520679133789 0.39077607377006 
1.43525456811057 0.209560421935618 0.386952064685862 0.386898843251952 
0.384794799276873 0.405245579779357 0.980215916985843 0.68681154399897 
0.603529705639455 0.320165985500863 0.36829709838631 0.673035615402138 
0.729456250202697 0.771410922048892 0.875948993860439 1.02042076744294 
0.423655172921174 0.421813924657181 0.459005795237039 0.778096567278855 
0.35103304738222 0.979171790384524 0.699408502934105 0.869048216052243 
0.510603585993987 0.680852304290814 0.251444920642161 0.439978406242194 
1.01626649420425 0.768728063793334 1.06542811200753 0.689516181778919 
0.269235090340849 0.715578490725284 0.645616423328897 0.449767212454802 
0.299552278439182 0.0711782948113517 0.32519927791698 0.835256173142005 
0.673222137061509 0.845736233748192 1.72551072523047 0.596644677724874 
0.207761404522071 0.357623559371213 0.58916509603099 0.85531555033379 
0.888987903295759 0.676653648869181 0.830843808067481 0.66050109984784 
0.517958481671098 0.390214675391986 0.281436823075923 0.611677511156539 
0.988159931788147 0.791083092181781 0.655033781625647 0.41514096171418 
1.20196179837943 0.725510297155982 0.467631342237398 0.51025747300716 
0.0821776993377214 0.487487381467636 0.833338533609084 0.423899343422101 
0.166417213739348 0.428732965382276 0.4009205310294 0.688006813410657 
0.810131024188457 0.905451912100314 0.639544541759992 0.349609636634256 
0.328785662459349 0.448143356718481 0.529188161986708 1.3476726059458 
0.136961441340635 0.094667194028655 0.100349414794445 0.802984512875899 
0.509446751971379 0.493189484278765 0.438056931917242 1.41935671531067 
1.2028013445976 0.273332356917681 0.336398043619981 0.815126758095948 
0.375025181177876 0.750589440085115 0.432147179329045 0.95733586300039 
0.371677257124247 0.35263175699746 0.179590334353363 0.752848882320746 
0.785224234976905 0.367588481756391 0.507959792718468 0.925537939705805 
0.748155646162966 0.428305053190265 0.490644953093548 0.8250740936947 
0.484623820265331 0.183465881436007 0.330178617214895 0.491121520551578 
0.99266488959576 0.0950576086016382 0.638831163006944 1.31983624521393 
0.327953186774808 1.46215554343292 0.651447585023072 0.589957514144727 
0.680439841272123 0.357031028370654 1.0877107625122 0.444044369436234 
0.321162239242201 0.545317085179133 0.700118200881533 0.245906858885732 
0.60556902937225 0.781576614389262 0.550792786792161 0.309831911523582 
1.25584786849784 0.771197317536272 0.629985068912705 0.422827206928721 
0.673308729627495 0.585648452780744 1.17270721649269 1.210708742141 
0.28218196694628 0.468139760371382 0.695489602652692 0.537995934031621 
0.719529495189771 0.552452755320833 0.429682031252773 0.526788873155143 
0.284148766470954 0.222328519937889 0.293739260639104 1.04022752277599 
0.309432451394 0.427070774778887 0.2531739097816 0.391409692131754 
0.368910530379129 0.887539476447527 0.68683146576639 1.07722175545368 
0.0898814590238338 0.126046519868465 0.60811796955416 1.41978315762572 
0.61312992615844 0.778870013943731 0.670149250098232 0.379497500027307 
0.342465550179523 0.913538540073323 0.840098585954112 0.183363172035421 
0.833491968525542 0.389695920819525 0.771770701573138 0.410459256854301 
0.128330102826533 0.314785525743072 0.498753479364616 0.743030625256661 
0.154893158146192 0.662889745830749 1.27940533544638 0.247622126282736 
1.00609105995216 1.11975148748912 0.631674399281046 0.407499340876732 
1.42148133342974 0.976860683746035 0.746645838771323 0.916834358224342 
0.448770446339598 0.102074850177626 0.740429574631098 0.466402372759282 
0.814397439862293 0.296157717444711 0.781323101067598 1.37082106352147 
1.21225207707875 0.554595201505482 0.513864836917192 0.407849364496434 
0.868303818590112 0.657109055705209 0.852316973702409 0.389000245853899 
0.499625127908401 0.50507981537319 0.610414151090054 0.866918262606503 
0.536807901207771 0.370192266921369 0.356552130356051 1.4415895848809 
1.09283813707473 1.11482017128034 0.223473314479747 0.568146970385568 
0.947223522748198 1.06516739446092 0.352112185989681 0.608584805468553 
0.336215942694536 0.440983538036867 0.367991359295023 0.943802874175014 
1.03469903597559 0.459239054473872 1.01712310562953 0.0966701982399829 
0.545603853027316 0.547731529184002 0.238190502834073 0.788926421188599 
0.44335826755344 0.642728510232543 0.533200600490536 0.509646813477491 
0.435535607267493 0.637109135498813 1.12803155132512 0.42313019810147 
0.344975242345387 0.165789982010989 1.03243653841814 0.303317440648731 
0.681310390807721 0.910639888100392 0.808296156476321 0.615804118330697 
0.362786875349899 1.09641268145929 0.840347215255128 0.642319412917831 
0.573991797320763 1.01120283857493 0.47750841131952 0.267780393620417 
0.266927385413718 0.479233263895605 0.294092037557216 0.475891446047959 
0.633182783283015 0.855523673993519 0.544960463037585 0.380954876968166 
0.884824802740691 0.563066494259288 0.70939882479085 0.413459216951387 
1.32639665725541 1.07008452586018 1.62089296580554 0.683885144615563 
0.741367550695361 1.18251960301284 0.59355862595866 0.613059243828431 
0.623175945084821 0.674194289732251 0.347836209384595 0.497388212913134 
0.218168968232277 0.532753855958042 1.07023270134261 0.723171066729338 
0.726546142846995 0.520107605851326 0.978149291295214 0.356723612480583 
0.249785791298271 0.164825154557555 0.146768336753255 0.298192659643399 
0.69083212385134 0.568359139736991 0.706293487882091 0.278675957621093 
0.71500350996516 0.480837321401193 0.346399876380555 1.26527186956452 
1.22768200977937 0.519700060551273 0.66474250281028 0.632942841397827 
0.426662959511503 0.745651829077224 0.477609534952887 0.438152299457824 
0.887200815358711 0.703426021241861 0.481069360575908 0.912024225894017 
1.26097222903402 1.08663117598437 0.854975899298406 0.282856737713056 
0.651800025453334 1.10835705334342 0.214683875524028 0.359722065224003 
0.984759903590146 0.482657217348164 0.429156344560324 0.391357596949656 
0.812387857009265 0.249073257814656 0.465371032906055 1.03349015435325 
0.804616521147535 0.111538750578413 0.709065165955865 0.239887079969992 
0.623702740351545 1.58139799443065 0.630178932511383 0.871061223398565 
0.243051909112374 0.575739112946051 0.301251646260027 1.24252989754315 
0.272725881400696 0.259559550816744 0.275252277183633 0.476773408760306 
0.211841718869322 0.54515597228914 1.07618016820223 1.00001248724282 
0.505270859893524 0.433141764312503 0.276828532026816 0.650704818654989 
0.993134647317979 1.46381455045864 0.965564804215119 1.39421749425375 
1.38487162083671 1.05313960443982 0.444767616367318 0.659829971983275 
0.428912493259922 0.652132163085565 0.153697464618558 0.462970954016346 
0.601926485150847 0.236786932319548 0.262498404870174 0.934516450384477 
0.643465394437191 0.935109947774813 0.211797125800036 0.657330230930094 
0.201987269502939 0.524439622305301 0.411430368044268 1.02948425674916 
0.646515201667688 0.410038902852555 0.328570047377361 0.436077607210341 
0.331430479037994 0.183383885447114 0.589610987776076 0.527254160403764 
0.195038696339088 0.184268564849639 1.23952874791509 0.44198385157355 
0.146355760312178 0.361713798707171 0.442466478264188 0.428560948562107 
0.921397897155469 0.873547046980881 0.61933399799797 0.938429991673667 
0.138650592946783 0.121730623067549 0.390620209431316 0.647329593419553 
0.705785347768561 0.504011149596346 0.300072814545563 0.733696212884423 
0.343869056757026 0.392613827604584 0.606139792313671 0.616358437869639 
0.419854620831587 0.457722421146913 0.574844661984834 0.512515545733493 
0.880698551250283 0.638354301358165 0.575873966498389 0.877271172371141 
0.90519748177554 0.253150537694952 0.963595359445513 0.0549490092523214 
0.520027770306079 0.583535016100094 0.702023591743323 1.12493086208396 
0.119045553175995 0.640589078791339 0.624867967569087 0.790225655878875 
0.567879455264188 0.35811778053359 0.582865883415116 1.2099198118756 
0.774269810705275 0.222528592448756 0.510743927426369 0.592707226159065 
0.891642632811816 0.865613123221696 0.38183081991927 0.187163653335633 
0.356993099528508 0.679959379210295 0.54870864306395 0.504548603263606 
0.81660437296004 0.337332978560767 0.656947753629637 0.13469477174533 
0.636776293100801 0.922264274859132 0.473795285420496 0.767348414388504 
0.399672108823758 0.215552717802113 1.1515185425328 0.583764087893678 
0.413530980094381 0.497068298998863 1.41047549809499 1.19882277252972 
0.349457940339462 0.784018793630417 0.0796626148476152 0.646281325726456 
1.64836379707762 0.896322882141322 0.681879794960992 0.962566353343176 
0.524779284202774 0.472981476173029 0.666641144546286 0.507904379303428 
0.938359859314971 0.200505173824924 0.441248575379272 0.865704900233757 
0.646987969525574 0.542714360445449 0.722523850059524 0.339903433343656 
0.375139974622404 0.278583750680374 0.559316239809187 0.605193737252167 
0.4558996617498 0.943032286856436 1.09479342981871 0.242445897130827 
0.463163190803458 1.08992747486204 0.330163693307433 0.323879556474097 
0.259391061083319 0.038994386157462 0.0429490281136285 0.623415535172454 
0.618536161749577 0.814714819272955 0.369516154680676 0.776535053192397 
0.596809277374892 0.842052784457294 0.161345935359152 1.1622476783789 
0.583599445517221 0.702504073513168 0.252358721457698 1.0317160738356 
0.539522803767943 0.257136549276269 0.573973269108266 0.383254342533725 
0.982778519580082 0.395458449646494 1.17825166938676 0.728036130236485 
0.611017726808699 0.443063436895476 0.257138010663881 0.3585662348192 
0.84195941908542 0.861634735351817 0.297572962482246 1.35721633918036 
0.466845719042229 1.06400000328786 0.735715098196368 0.629933987499769
##$VisuCoreDataMax=( 1200 )
8191.625 8179.83840868465 8184.81319968335 8146.31833198293 8144.02178113239 
8133.92123395921 8129.12647302209 8141.2012255639 8158.37019746985 
8149.31127889358 8171.0618595894 8168.58990145182 8159.43072424016 
8182.35629445018 8173.33215318867 8184.3177190517 8187.58378651355 
8225.41646715807 8177.54077247707 8203.0765013992 8155.83586792257 
8139.83243844026 8149.32092186272 8181.54597346407 8135.01622178559 
8136.88447361523 8168.53777381534 8145.69297499278 8149.48505321907 
8155.29983146812 8170.26532373461 8198.29907124568 8190.61096578633 
8193.24846603099 8195.60644012507 8166.69065799293 8159.60946992985 
8186.33339130963 8140.07085961413 8160.29141267082 8145.40845709835 
8131.84100058833 8121.41143297494 8151.55795606285 8187.58480924297 
8177.88718606372 8161.20837829441 8235.42985224428 8188.98922823477 
8147.8476153753 8176.81450794545 8175.68690999045 8146.25735312953 
8134.07275909028 8163.3129334491 8120.94676422865 8155.78665193821 
8144.58292651195 8141.92385964092 8150.60154261962 8123.36793375137 
8176.18886765922 8184.0825420348 8219.57237220166 8180.6011372909 
8200.85079237713 8160.5917536014 8175.60643839875 8170.76094092008 
8178.13941396545 8115.61383239515 8153.8579475402 8106.41918578683 
8143.23920207357 8137.38454547524 8162.61398937074 8160.67512865489 
8173.05345070377 8184.45649051271 8183.17289859913 8176.77096205274 
8182.14408749633 8200.61161350669 8159.29292068068 8122.42460062493 
8145.08637982137 8165.62614425841 8136.74287427104 8169.09140390011 
8149.30964006941 8135.13261462538 8164.67738240118 8128.26855165401 
8139.71468613364 8187.32902799745 8209.03155864476 8219.95817555562 
8208.85019330661 8179.90974979965 8202.3450781569 8154.26551002928 
8144.54058390636 8131.59026741632 8164.20957932489 8185.0850282395 
8158.34194985556 8150.32085303104 8181.86409558363 8171.99755673218 
8153.37385078668 8215.10045992071 8178.67639368249 8202.13047462208 
8183.31089677629 8166.32501285174 8172.39422157976 8210.07283221385 
8154.8649372858 8159.34350947128 8178.58890351792 8155.93405348561 
8148.40494671894 8160.28440547219 8175.2789202501 8181.95736219727 
8151.22480556837 8152.08390073206 8189.01118003494 8190.89912145034 
8203.71432495881 8182.96643990244 8187.20776351847 8171.75805375293 
8169.78387770833 8146.44753016075 8160.56422132922 8182.46220154703 
8180.27103733822 8160.74467071219 8179.983281464 8154.27289977479 
8199.24052925208 8155.63043877608 8190.47964563865 8202.84552997519 
8166.00409644974 8171.31204702153 8174.05228071739 8179.37733104839 
8206.53681003738 8178.27747529134 8147.6347095819 8155.85452453591 
8141.3344345298 8177.52485576068 8152.37085053499 8161.36750662885 
8174.85384322232 8195.70636582565 8213.47968777519 8208.95051765476 
8202.77350971722 8198.1821493529 8191.45647491386 8144.35472178462 
8168.2338338035 8145.27191372327 8153.61439829397 8144.14894557182 
8145.4067745033 8136.02706753632 8135.82143937956 8154.68567208281 
8143.14184720178 8159.2358661025 8177.40120102631 8191.57086175511 
8175.31783496929 8216.83248726671 8181.09807053449 8175.25175960587 
8170.31502549272 8157.22838565439 8165.27007275698 8145.2817734661 
8141.56382155328 8128.29076666908 8143.79073693077 8146.22518849359 
8169.21298376915 8168.66892815533 8163.07705848001 8192.46591055612 
8163.21082424067 8186.65627030551 8207.64678121676 8191.04185260464 
8176.82990790036 8159.45160050929 8167.19673204214 8155.62748088043 
8147.27979088575 8167.46991409025 8158.96257818174 8167.99152271582 
8179.51091794112 8199.32952516761 8166.31074040479 8191.456570701 
8181.48592415312 8182.14312022559 8161.10090200301 8177.04576272461 
8185.57012615288 8181.09550750292 8160.29118214384 8157.90974721763 
8144.20960103987 8158.14127238735 8155.34108031182 8152.48922527447 
8154.2387113357 8168.3200422052 8183.20714238573 8166.19703177386 
8206.8660072993 8185.69765142788 8187.1766167969 8192.44778443249 
8177.13178724492 8163.80167649797 8112.22600054785 8144.86445142639 
8169.33181146932 8176.22118873525 8149.83123187478 8208.0717569361 
8171.42587644373 8170.6738922043 8221.53150578954 8212.5287305381 
8194.03956554498 8208.37520282051 8181.59488054521 8183.08934905169 
8178.96450985223 8180.0999803755 8164.78195502301 8130.59706749326 
8159.38184728416 8127.28339691722 8163.22272933165 8169.74475976625 
8173.32041532405 8180.51272401587 8194.45451390208 8165.82646430483 
8216.21969688343 8203.92992302457 8181.42381001491 8192.78149900684 
8197.06452014178 8181.4600085298 8150.80456437513 8178.84801450537 
8175.59136988784 8133.84749457454 8128.16609172333 8120.4475710152 
8147.69776398954 8191.28171358745 8196.49975730588 8194.41229098122 
8204.15878056229 8232.02597916114 8177.26197388369 8189.33499105366 
8189.31441175275 8189.04616865468 8174.75592200239 8150.92723071056 
8155.9709320947 8144.42404168592 8168.14003826524 8217.88906388342 
8163.56045906602 8195.76882937038 8167.1446431374 8194.69537891396 
8213.77128608767 8201.48326704937 8201.92475356447 8192.43479112278 
8173.12382138783 8199.16009815484 8169.39453864721 8193.2862637439 
8168.77335332574 8155.23039966636 8232.44777569338 8198.19957635063 
8150.00409134128 8178.16648622287 8171.04717948436 8178.35114812427 
8206.69623399437 8186.46210163231 8189.1817050325 8177.56943510781 
8191.67021205739 8188.63115702834 8179.55658137323 8208.92407035574 
8175.0502124919 8161.91653306029 8128.15550202518 8159.08849958867 
8205.54237758526 8184.81860173486 8199.31574708533 8175.92728530997 
8227.28154365728 8178.98550092851 8200.44676050005 8173.33305668184 
8204.25987564201 8189.97102522582 8149.50449057064 8170.80915857616 
8167.92612060205 8198.07570721562 8149.6201419679 8196.45587163151 
8182.40659790867 8154.89140630846 8159.89686215481 8200.53930691993 
8211.00904071805 8202.2151634905 8182.59083289635 8171.84473634699 
8149.0591477692 8201.20148722398 8183.46682964071 8163.53781101538 
8191.80326039027 8140.14610030793 8180.34935973456 8164.17634418652 
8183.41886097087 8202.56282060618 8210.33525116948 8210.84122513266 
8205.76500431698 8207.82479386742 8197.39165408126 8202.93010916221 
8173.67195496228 8233.30172742721 8201.48511174281 8165.40938617306 
8141.17434485915 8133.8324741798 8197.99401013325 8161.46949290954 
8175.99960944556 8191.89842171674 8180.01326917722 8182.51594262628 
8234.96236925788 8191.8371676385 8210.66493661287 8190.82250281516 
8203.45957007567 8191.18637700528 8150.50715734213 8183.94335105156 
8188.9979686594 8172.65377051022 8186.17524031459 8172.66297389645 
8181.96938600533 8197.41617684366 8176.71393012401 8193.21266940893 
8203.51731356989 8214.86756653773 8200.13908660342 8197.60162640214 
8186.21194633971 8204.3350790468 8215.21681083327 8179.8929662078 
8145.45347816998 8197.59746530982 8179.03762906458 8186.1052316385 
8199.84702566929 8212.40713205017 8224.88402560245 8156.72315639531 
8215.41729607581 8201.36546226831 8204.63724631075 8201.61938852498 
8193.77609385769 8219.42206293841 8188.56264556901 8207.95870066047 
8191.87437194553 8164.2841462899 8155.71873641489 8182.83860840193 
8212.14147620365 8207.03850970742 8215.16345636158 8233.9632762694 
8187.19101102724 8206.98471791654 8206.91193586221 8223.10227156459 
8227.48882972644 8200.65698749896 8183.65873168955 8189.01326776123 
8189.48302095732 8177.81581922606 8177.52215609256 8163.35558348688 
8210.42447346175 8190.28758036045 8219.85252370146 8259.23590554472 
8189.64390483949 8187.70382299338 8229.47058482089 8213.15618299586 
8217.28613213059 8187.14255908034 8185.66899475325 8180.43855097865 
8166.25969269883 8190.20021755996 8203.73176977452 8176.07942963017 
8188.78276589172 8191.74704974754 8234.93367555703 8211.47497385092 
8200.99911775167 8253.83077820924 8246.16519813995 8219.02094721857 
8190.26988221844 8207.50758430303 8176.76795340421 8203.00100562169 
8194.67176835098 8191.66015181209 8188.28183675148 8180.40166591836 
8210.67465328054 8189.91016890066 8241.08153535219 8232.98069839831 
8230.71566417833 8254.1689063887 8197.31160835636 8244.5833236356 
8226.32577680497 8204.79821638779 8199.23172237916 8192.69768725065 
8205.46048422977 8182.05950135301 8196.72518996571 8168.95878889067 
8170.98075187009 8217.12131761149 8237.02240568436 8196.76571999237 
8262.74888799834 8237.0066795629 8233.65107775252 8219.87512281199 
8248.04032103881 8194.86332005977 8173.5251752672 8177.15681591389 
8227.47915446593 8171.27364456944 8184.27121025131 8209.70572696427 
8197.09972207846 8185.37340517493 8227.00130797936 8273.10156932364 
8242.19669380704 8264.14851535709 8250.49436948947 8238.85041148569 
8232.42095280974 8227.90143614439 8170.36083094556 8197.42095333472 
8173.90225622856 8186.20579559633 8200.97791836953 8198.98010213204 
8187.83881779658 8221.73538640466 8226.10940249377 8228.09097301434 
8249.54282836148 8236.68904211188 8255.76102948081 8233.04491973475 
8236.25407865389 8252.48102329612 8232.70737236127 8187.53887747966 
8214.45033690184 8220.92849190264 8192.5619900065 8213.23877756267 
8224.19522395009 8208.293024129 8244.6051197217 8240.13663031083 
8249.58070833666 8224.46769590313 8235.59712074826 8251.00752287731 
8243.71254139937 8191.38915679918 8231.10615862161 8221.76474363192 
8227.86617316527 8219.75932662086 8201.79189634618 8206.5699635239 
8228.2895293348 8202.61850363119 8223.85106504693 8225.20758943993 
8225.85264443825 8278.94806349119 8239.64462386761 8228.3970146062 
8255.81634104055 8240.92201819468 8212.53369198041 8191.6419323516 
8222.14360858047 8183.00399070043 8192.85529360682 8218.76590643966 
8203.82344384787 8245.42642648146 8222.18228695773 8257.75435389308 
8254.81153883338 8228.28046528591 8251.93784417573 8256.61126189159 
8280.90931593322 8233.22399566894 8271.11085842849 8221.59445583987 
8190.45465779639 8222.17219181686 8223.70029841447 8196.46565375087 
8198.9816591987 8204.03089038144 8240.51673285215 8229.12065130881 
8274.45666761803 8261.34144773626 8226.83198361735 8235.64188029944 
8257.83024379885 8245.57519648997 8244.43043901414 8239.9936993742 
8209.43680423903 8222.70005068446 8185.45745348563 8204.62845395652 
8236.70328109781 8229.52484743488 8261.30709306878 8236.03171299134 
8270.71619888837 8228.02266626552 8286.55444419272 8227.98241324161 
8256.10818649892 8216.40296045896 8206.54967407216 8191.21191041752 
8219.21352436597 8219.90798115706 8209.9768517115 8261.43575157457 
8197.3367671435 8232.62735997664 8216.90882713533 8245.71506198901 
8260.90322662645 8272.29189742352 8289.32066055054 8263.62016013378 
8234.8489385761 8243.49507915155 8214.87542133348 8203.86461703171 
8229.39061356648 8220.42841242512 8211.4851238651 8216.30450050722 
8205.91754506142 8223.08272821194 8210.30841696709 8259.65165037884 
8253.59323535898 8246.42546906464 8242.7180550776 8202.43197969731 
8253.42944131123 8257.72754361665 8206.34353709361 8235.47261569981 
8226.34170187521 8209.9937978956 8214.71975110836 8210.70540756292 
8219.28098962363 8242.95714982757 8255.13110764222 8260.64932357233 
8282.30722274615 8278.010879158 8236.96022020136 8270.51783054403 
8256.07008299044 8221.49336587527 8216.70677699624 8233.40550529723 
8245.35212905207 8219.24973284129 8205.01093570139 8227.19434648037 
8223.06379224405 8240.49088606094 8224.79576916267 8242.07101175199 
8272.10590559663 8262.57609309235 8241.53683371215 8219.58431273425 
8236.04404081969 8229.47818229639 8230.94940149379 8232.16656126178 
8227.13672851866 8192.71103749724 8225.75050522781 8208.00793158525 
8183.20020604165 8233.08242915129 8251.86268480949 8240.18448158273 
8248.7103776048 8260.01325258189 8297.23448402642 8255.45624949083 
8270.05104155246 8225.08912665634 8249.45583089768 8230.41665325377 
8222.37951697558 8203.49217579608 8220.53522783944 8223.41372058373 
8221.78808450522 8204.09863971773 8249.29725897485 8264.52400103279 
8221.30667344567 8278.68588293299 8263.91033159442 8265.91137911425 
8222.7707646401 8231.865140345 8206.66014998791 8191.81098743906 
8201.27939319511 8224.05748224005 8224.0101350379 8235.26736106911 
8182.35678297536 8247.79261835818 8257.92002843612 8241.42344347486 
8234.87430449027 8273.79665073552 8250.59530846396 8290.32368612733 
8234.78381861103 8273.28349677823 8227.99733070185 8242.43588462057 
8240.51083424526 8195.225540241 8219.25690048301 8219.96941170411 
8213.82807323819 8205.65170460629 8198.07290417767 8248.66857493905 
8267.23387420687 8274.99619288514 8249.92112870466 8275.50912843283 
8263.94119601648 8254.21567155177 8207.53657099304 8240.3280159974 
8208.48437896821 8211.07296915052 8219.81578910709 8233.34026232263 
8249.70222353373 8238.51513694643 8236.14960468489 8242.58647795913 
8240.70092323846 8263.39246114322 8274.66980135764 8263.26507475495 
8257.999944806 8209.79188663381 8255.25742072764 8224.23631402702 
8220.11753754532 8207.96475915531 8241.44997670626 8226.60956435493 
8183.76193804046 8224.15189087331 8240.22714308039 8242.36301962827 
8251.89700078414 8244.75708752047 8259.92350958049 8225.39650682864 
8248.78193986564 8266.82742186793 8249.00465163387 8211.87897634123 
8217.11683317327 8206.78274509991 8211.46231673718 8215.84610716306 
8213.86955107637 8233.22158409257 8207.78238160402 8215.96184873705 
8249.68356612503 8283.55855397574 8246.02631085046 8240.32933199834 
8241.82211344785 8225.61709474075 8222.82212390264 8216.32222530668 
8259.96263519832 8212.7303538479 8219.5449024439 8213.65054822558 
8231.31706481936 8251.6984388585 8211.59848796787 8240.57226576678 
8261.45170806216 8259.05000867214 8275.35577940803 8264.6260987733 
8260.30211030257 8256.44157079461 8242.22198655927 8258.51586785318 
8245.63663227624 8230.23638892491 8216.80718334767 8218.87985613046 
8226.88110090126 8209.25019689992 8233.29024583584 8262.19264090529 
8279.3843438003 8226.49210170032 8274.69632797766 8240.74753148959 
8245.64084416411 8251.70445225586 8228.76128746413 8212.45452391258 
8253.90000221237 8202.47207002089 8223.81388469403 8222.90851088629 
8224.76869505422 8218.17296831183 8214.61129069511 8237.50869438825 
8249.88933774099 8253.22111196314 8272.15900802548 8259.80205544999 
8245.34899717943 8254.01391124561 8272.01367529565 8240.49195690168 
8223.15308282679 8215.51131444602 8183.97816198996 8183.65607478038 
8206.09330576382 8236.79450676862 8249.84975306031 8246.30853975699 
8247.82798568189 8253.3810849057 8283.98209991991 8254.99636668563 
8230.14879312266 8270.67322245347 8253.35387024173 8259.46502382464 
8244.95904899597 8183.11784110684 8215.30404724035 8248.35833203574 
8200.45413480074 8203.7416396316 8215.51882854664 8223.09449022471 
8273.85802307351 8236.24389470021 8240.09155208153 8240.95344514547 
8218.2725114778 8258.25483316012 8251.4113823336 8237.65389843732 
8207.32276812085 8229.71022492081 8188.94890080746 8175.49610595735 
8203.8223336988 8225.62081704263 8284.5040412607 8233.22728152612 
8235.16649922228 8272.14003146054 8265.0846643415 8271.11099696985 
8213.8640862278 8222.18384607109 8229.02342121426 8194.92612885749 
8208.70010362121 8203.98176632699 8202.74404797278 8167.26988853957 
8233.72011044886 8244.87389836474 8259.92644490785 8223.08561671131 
8236.24629270587 8216.09609817278 8227.50337963875 8248.26383719238 
8244.39251909836 8260.324725315 8239.12393756921 8212.74683626025 
8227.84224281347 8194.20574561021 8173.74942356753 8186.19104549308 
8206.69783639747 8182.53720794601 8213.23866764581 8206.65071992552 
8222.86757093778 8222.37322391656 8234.70057053739 8223.65932010914 
8234.77258548067 8219.29503422198 8219.18466476856 8180.9069197061 
8202.60778939131 8172.88510404267 8168.1694728376 8199.89862437334 
8200.26832791516 8198.34497973938 8222.11309887094 8258.7276661053 
8213.16879208766 8242.40021408989 8224.3560876558 8185.73915058552 
8241.78202622511 8243.63358732179 8208.13020257855 8198.35112894583 
8184.39952089609 8182.26716543178 8189.16716652708 8171.50916198854 
8200.72069908147 8188.86658909497 8216.36088881499 8234.66421127702 
8251.45709438293 8207.67718327623 8248.28533388527 8203.33408414167 
8241.22995555341 8230.58809774994 8228.83560963362 8208.00260109363 
8215.79219911373 8203.72430803273 8188.21048633155 8180.3856474293 
8194.54010137171 8177.06039748212 8191.58578395305 8224.23889053509 
8219.68820485402 8259.43397490272 8252.0332462657 8280.19982801859 
8227.5116181746 8199.15479651964 8218.97104426732 8161.02580285567 
8189.88714643904 8179.16618066038 8244.06225525187 8227.11763830141 
8201.58972242314 8198.39335387049 8164.73587412929 8259.67016308918 
8233.80005413076 8249.87327708781 8219.43238836865 8254.00958032022 
8189.05664440892 8197.57358688338 8190.28286247367 8249.88457622543 
8189.77541147983 8183.49899015703 8196.38074490509 8193.8321626596 
8207.7781223613 8195.04540561868 8204.80603940066 8223.38882603533 
8243.32103175438 8265.7044696131 8231.26576040723 8260.89397730495 
8237.13640127976 8242.35690899612 8193.50351629508 8250.16341009834 
8219.30129906775 8174.05616423405 8166.76714529623 8175.51799794086 
8195.97255209945 8171.50771524646 8221.53822445561 8152.53705582622 
8189.6329314211 8238.5139235877 8210.76225734656 8225.51496841075 
8199.21327572416 8243.40968325068 8220.4592825151 8209.74033693737 
8175.11542405341 8181.35875352923 8190.06933269404 8142.77938808572 
8163.95491218952 8197.91844482361 8168.1706067606 8238.76209718406 
8203.11578597678 8236.22358505178 8245.40971916214 8212.79988225279 
8231.71114466971 8243.39272164248 8203.49468926921 8219.40825759332 
8226.77634058233 8191.17108699325 8219.2520597601 8182.05934091019 
8145.6513145538 8175.9331741746 8185.27215833236 8211.16433002532 
8193.59117403475 8213.60942552147 8232.88894252853 8226.37190843601 
8240.21845633446 8227.43613979499 8202.35010937778 8213.94909279763 
8210.83238682347 8189.55894636815 8155.55872558471 8145.5657771402 
8170.13652949384 8177.16844944167 8208.62439285468 8183.10289620058 
8216.22725141764 8229.64394290166 8236.2109689901 8183.25040651759 
8229.66360090135 8244.10269275999 8203.23948309747 8200.52467896898 
8205.71983433274 8196.90359595334 8165.4445145366 8199.41659981411 
8154.81448175913 8155.41705041134 8184.32263765032 8188.21923008744 
8196.64209668741 8183.09985501133 8213.92039433257 8231.72817610201 
8226.53276350219 8200.24399185964 8196.85251083183 8194.91919057953 
8175.2754520057 8185.04239414997 8181.30566809129 8168.07697378833 
8153.48052878584 8194.59344455401 8158.16120397596 8198.76084896527 
8173.61727611764 8188.31544327499 8224.01717972088 8214.75445993143 
8231.92994262603 8221.35514451917 8223.98609637676 8219.81708753128 
8195.08897749507 8168.36097846973 8196.15430016099 8181.0474943522 
8166.58572415627 8197.15125613294 8179.31508332129 8190.32162572335 
8233.44431683815 8183.2739855571 8200.56361974347 8228.87949413354 
8210.18868435764 8215.60739078952 8198.31889713173 8216.50495252931 
8189.35232535441 8174.09378655518 8204.53171905109 8176.5197528383 
8187.97594343273 8173.00047405449 8158.99445299827 8207.82707140736 
8195.1352041875 8182.46490861757 8211.94186266934 8213.64094801263 
8229.81284816154 8199.89779265143 8201.38914275647 8179.90955058728 
8182.85486971776 8199.75789759521 8165.90839027531 8200.04075593753 
8162.42834532039 8168.18190351642 8152.71083289258 8161.99869091421 
8169.25983097716 8196.24895648184 8195.09868694413 8242.6457134373 
8223.66102672899 8213.6483377568 8223.78195948071 8176.73950283468 
8184.60221873171 8193.55208583833 8172.64595224918 8184.70667218396 
8167.50919190074 8194.00758822801 8158.63537690681 8166.30335369385 
8221.66868450419 8179.35676920612 8240.38798904167 8217.28492386646 
8209.6954652855 8224.04939242173 8208.19536197407 8241.24880735048 
8207.4962030836 8208.42786893746 8207.35820815153 8159.64822239922 
8168.6836604949 8197.88590638479 8188.39076661299 8171.20702776122 
8205.57392244525 8211.5896827846 8212.97941860487 8241.80254921757 
8231.02527210026 8208.68519895293 8192.75646632548 8216.64614750991 
8218.35933722727 8208.40519788182 8163.04711518583 8143.32742747625 
8209.8343685161 8187.08774504995 8190.26805057188 8152.28113698035 
8204.91417704904 8203.63325615112 8235.70941274079 8226.06366777374 
8219.70340336756 8224.63556709762 8229.87016829685 8224.33877834349 
8195.40214699137 8167.15761614547 8231.06068882147 8177.64829047481 
8168.82050433557 8170.78866180431 8175.51300234824 8187.29363917125 
8186.88650985818 8182.19477117737 8196.77704535977 8224.65031333359 
8239.26612644369 8192.89625778913 8216.51892062762 8193.94762641301 
8209.70286993495 8167.49992116479 8180.82514358125 8204.9605093336 
8192.01459849249 8140.59903709006 8204.0543022809
##$VisuCoreDataOffs=( 1200 )
0 0 0 0 0 0 0 0 0 0 0 0 0 0 0 0 0 0 0 0 0 0 0 0 0 0 0 0 0 0 0 0 0 0 0 0 0 0 0 
0 0 0 0 0 0 0 0 0 0 0 0 0 0 0 0 0 0 0 0 0 0 0 0 0 0 0 0 0 0 0 0 0 0 0 0 0 0 0 
0 0 0 0 0 0 0 0 0 0 0 0 0 0 0 0 0 0 0 0 0 0 0 0 0 0 0 0 0 0 0 0 0 0 0 0 0 0 0 
0 0 0 0 0 0 0 0 0 0 0 0 0 0 0 0 0 0 0 0 0 0 0 0 0 0 0 0 0 0 0 0 0 0 0 0 0 0 0 
0 0 0 0 0 0 0 0 0 0 0 0 0 0 0 0 0 0 0 0 0 0 0 0 0 0 0 0 0 0 0 0 0 0 0 0 0 0 0 
0 0 0 0 0 0 0 0 0 0 0 0 0 0 0 0 0 0 0 0 0 0 0 0 0 0 0 0 0 0 0 0 0 0 0 0 0 0 0 
0 0 0 0 0 0 0 0 0 0 0 0 0 0 0 0 0 0 0 0 0 0 0 0 0 0 0 0 0 0 0 0 0 0 0 0 0 0 0 
0 0 0 0 0 0 0 0 0 0 0 0 0 0 0 0 0 0 0 0 0 0 0 0 0 0 0 0 0 0 0 0 0 0 0 0 0 0 0 
0 0 0 0 0 0 0 0 0 0 0 0 0 0 0 0 0 0 0 0 0 0 0 0 0 0 0 0 0 0 0 0 0 0 0 0 0 0 0 
0 0 0 0 0 0 0 0 0 0 0 0 0 0 0 0 0 0 0 0 0 0 0 0 0 0 0 0 0 0 0 0 0 0 0 0 0 0 0 
0 0 0 0 0 0 0 0 0 0 0 0 0 0 0 0 0 0 0 0 0 0 0 0 0 0 0 0 0 0 0 0 0 0 0 0 0 0 0 
0 0 0 0 0 0 0 0 0 0 0 0 0 0 0 0 0 0 0 0 0 0 0 0 0 0 0 0 0 0 0 0 0 0 0 0 0 0 0 
0 0 0 0 0 0 0 0 0 0 0 0 0 0 0 0 0 0 0 0 0 0 0 0 0 0 0 0 0 0 0 0 0 0 0 0 0 0 0 
0 0 0 0 0 0 0 0 0 0 0 0 0 0 0 0 0 0 0 0 0 0 0 0 0 0 0 0 0 0 0 0 0 0 0 0 0 0 0 
0 0 0 0 0 0 0 0 0 0 0 0 0 0 0 0 0 0 0 0 0 0 0 0 0 0 0 0 0 0 0 0 0 0 0 0 0 0 0 
0 0 0 0 0 0 0 0 0 0 0 0 0 0 0 0 0 0 0 0 0 0 0 0 0 0 0 0 0 0 0 0 0 0 0 0 0 0 0 
0 0 0 0 0 0 0 0 0 0 0 0 0 0 0 0 0 0 0 0 0 0 0 0 0 0 0 0 0 0 0 0 0 0 0 0 0 0 0 
0 0 0 0 0 0 0 0 0 0 0 0 0 0 0 0 0 0 0 0 0 0 0 0 0 0 0 0 0 0 0 0 0 0 0 0 0 0 0 
0 0 0 0 0 0 0 0 0 0 0 0 0 0 0 0 0 0 0 0 0 0 0 0 0 0 0 0 0 0 0 0 0 0 0 0 0 0 0 
0 0 0 0 0 0 0 0 0 0 0 0 0 0 0 0 0 0 0 0 0 0 0 0 0 0 0 0 0 0 0 0 0 0 0 0 0 0 0 
0 0 0 0 0 0 0 0 0 0 0 0 0 0 0 0 0 0 0 0 0 0 0 0 0 0 0 0 0 0 0 0 0 0 0 0 0 0 0 
0 0 0 0 0 0 0 0 0 0 0 0 0 0 0 0 0 0 0 0 0 0 0 0 0 0 0 0 0 0 0 0 0 0 0 0 0 0 0 
0 0 0 0 0 0 0 0 0 0 0 0 0 0 0 0 0 0 0 0 0 0 0 0 0 0 0 0 0 0 0 0 0 0 0 0 0 0 0 
0 0 0 0 0 0 0 0 0 0 0 0 0 0 0 0 0 0 0 0 0 0 0 0 0 0 0 0 0 0 0 0 0 0 0 0 0 0 0 
0 0 0 0 0 0 0 0 0 0 0 0 0 0 0 0 0 0 0 0 0 0 0 0 0 0 0 0 0 0 0 0 0 0 0 0 0 0 0 
0 0 0 0 0 0 0 0 0 0 0 0 0 0 0 0 0 0 0 0 0 0 0 0 0 0 0 0 0 0 0 0 0 0 0 0 0 0 0 
0 0 0 0 0 0 0 0 0 0 0 0 0 0 0 0 0 0 0 0 0 0 0 0 0 0 0 0 0 0 0 0 0 0 0 0 0 0 0 
0 0 0 0 0 0 0 0 0 0 0 0 0 0 0 0 0 0 0 0 0 0 0 0 0 0 0 0 0 0 0 0 0 0 0 0 0 0 0 
0 0 0 0 0 0 0 0 0 0 0 0 0 0 0 0 0 0 0 0 0 0 0 0 0 0 0 0 0 0 0 0 0 0 0 0 0 0 0 
0 0 0 0 0 0 0 0 0 0 0 0 0 0 0 0 0 0 0 0 0 0 0 0 0 0 0 0 0 0 0 0 0 0 0 0 0 0 0 
0 0 0 0 0 0 0 0 0 0 0 0 0 0 0 0 0 0 0 0 0 0 0 0 0 0 0 0 0 0
##$VisuCoreDataSlope=( 1200 )
0.0384908797768439 0.0384908797768439 0.0384908797768439 0.0384908797768439 
0.0384908797768439 0.0384908797768439 0.0384908797768439 0.0384908797768439 
0.0384908797768439 0.0384908797768439 0.0384908797768439 0.0384908797768439 
0.0384908797768439 0.0384908797768439 0.0384908797768439 0.0384908797768439 
0.0384908797768439 0.0384908797768439 0.0384908797768439 0.0384908797768439 
0.0384908797768439 0.0384908797768439 0.0384908797768439 0.0384908797768439 
0.0384908797768439 0.0384908797768439 0.0384908797768439 0.0384908797768439 
0.0384908797768439 0.0384908797768439 0.0384908797768439 0.0384908797768439 
0.0384908797768439 0.0384908797768439 0.0384908797768439 0.0384908797768439 
0.0384908797768439 0.0384908797768439 0.0384908797768439 0.0384908797768439 
0.0384908797768439 0.0384908797768439 0.0384908797768439 0.0384908797768439 
0.0384908797768439 0.0384908797768439 0.0384908797768439 0.0384908797768439 
0.0384908797768439 0.0384908797768439 0.0384908797768439 0.0384908797768439 
0.0384908797768439 0.0384908797768439 0.0384908797768439 0.0384908797768439 
0.0384908797768439 0.0384908797768439 0.0384908797768439 0.0384908797768439 
0.0384908797768439 0.0384908797768439 0.0384908797768439 0.0384908797768439 
0.0384908797768439 0.0384908797768439 0.0384908797768439 0.0384908797768439 
0.0384908797768439 0.0384908797768439 0.0384908797768439 0.0384908797768439 
0.0384908797768439 0.0384908797768439 0.0384908797768439 0.0384908797768439 
0.0384908797768439 0.0384908797768439 0.0384908797768439 0.0384908797768439 
0.0384908797768439 0.0384908797768439 0.0384908797768439 0.0384908797768439 
0.0384908797768439 0.0384908797768439 0.0384908797768439 0.0384908797768439 
0.0384908797768439 0.0384908797768439 0.0384908797768439 0.0384908797768439 
0.0384908797768439 0.0384908797768439 0.0384908797768439 0.0384908797768439 
0.0384908797768439 0.0384908797768439 0.0384908797768439 0.0384908797768439 
0.0384908797768439 0.0384908797768439 0.0384908797768439 0.0384908797768439 
0.0384908797768439 0.0384908797768439 0.0384908797768439 0.0384908797768439 
0.0384908797768439 0.0384908797768439 0.0384908797768439 0.0384908797768439 
0.0384908797768439 0.0384908797768439 0.0384908797768439 0.0384908797768439 
0.0384908797768439 0.0384908797768439 0.0384908797768439 0.0384908797768439 
0.0384908797768439 0.0384908797768439 0.0384908797768439 0.0384908797768439 
0.0384908797768439 0.0384908797768439 0.0384908797768439 0.0384908797768439 
0.0384908797768439 0.0384908797768439 0.0384908797768439 0.0384908797768439 
0.0384908797768439 0.0384908797768439 0.0384908797768439 0.0384908797768439 
0.0384908797768439 0.0384908797768439 0.0384908797768439 0.0384908797768439 
0.0384908797768439 0.0384908797768439 0.0384908797768439 0.0384908797768439 
0.0384908797768439 0.0384908797768439 0.0384908797768439 0.0384908797768439 
0.0384908797768439 0.0384908797768439 0.0384908797768439 0.0384908797768439 
0.0384908797768439 0.0384908797768439 0.0384908797768439 0.0384908797768439 
0.0384908797768439 0.0384908797768439 0.0384908797768439 0.0384908797768439 
0.0384908797768439 0.0384908797768439 0.0384908797768439 0.0384908797768439 
0.0384908797768439 0.0384908797768439 0.0384908797768439 0.0384908797768439 
0.0384908797768439 0.0384908797768439 0.0384908797768439 0.0384908797768439 
0.0384908797768439 0.0384908797768439 0.0384908797768439 0.0384908797768439 
0.0384908797768439 0.0384908797768439 0.0384908797768439 0.0384908797768439 
0.0384908797768439 0.0384908797768439 0.0384908797768439 0.0384908797768439 
0.0384908797768439 0.0384908797768439 0.0384908797768439 0.0384908797768439 
0.0384908797768439 0.0384908797768439 0.0384908797768439 0.0384908797768439 
0.0384908797768439 0.0384908797768439 0.0384908797768439 0.0384908797768439 
0.0384908797768439 0.0384908797768439 0.0384908797768439 0.0384908797768439 
0.0384908797768439 0.0384908797768439 0.0384908797768439 0.0384908797768439 
0.0384908797768439 0.0384908797768439 0.0384908797768439 0.0384908797768439 
0.0384908797768439 0.0384908797768439 0.0384908797768439 0.0384908797768439 
0.0384908797768439 0.0384908797768439 0.0384908797768439 0.0384908797768439 
0.0384908797768439 0.0384908797768439 0.0384908797768439 0.0384908797768439 
0.0384908797768439 0.0384908797768439 0.0384908797768439 0.0384908797768439 
0.0384908797768439 0.0384908797768439 0.0384908797768439 0.0384908797768439 
0.0384908797768439 0.0384908797768439 0.0384908797768439 0.0384908797768439 
0.0384908797768439 0.0384908797768439 0.0384908797768439 0.0384908797768439 
0.0384908797768439 0.0384908797768439 0.0384908797768439 0.0384908797768439 
0.0384908797768439 0.0384908797768439 0.0384908797768439 0.0384908797768439 
0.0384908797768439 0.0384908797768439 0.0384908797768439 0.0384908797768439 
0.0384908797768439 0.0384908797768439 0.0384908797768439 0.0384908797768439 
0.0384908797768439 0.0384908797768439 0.0384908797768439 0.0384908797768439 
0.0384908797768439 0.0384908797768439 0.0384908797768439 0.0384908797768439 
0.0384908797768439 0.0384908797768439 0.0384908797768439 0.0384908797768439 
0.0384908797768439 0.0384908797768439 0.0384908797768439 0.0384908797768439 
0.0384908797768439 0.0384908797768439 0.0384908797768439 0.0384908797768439 
0.0384908797768439 0.0384908797768439 0.0384908797768439 0.0384908797768439 
0.0384908797768439 0.0384908797768439 0.0384908797768439 0.0384908797768439 
0.0384908797768439 0.0384908797768439 0.0384908797768439 0.0384908797768439 
0.0384908797768439 0.0384908797768439 0.0384908797768439 0.0384908797768439 
0.0384908797768439 0.0384908797768439 0.0384908797768439 0.0384908797768439 
0.0384908797768439 0.0384908797768439 0.0384908797768439 0.0384908797768439 
0.0384908797768439 0.0384908797768439 0.0384908797768439 0.0384908797768439 
0.0384908797768439 0.0384908797768439 0.0384908797768439 0.0384908797768439 
0.0384908797768439 0.0384908797768439 0.0384908797768439 0.0384908797768439 
0.0384908797768439 0.0384908797768439 0.0384908797768439 0.0384908797768439 
0.0384908797768439 0.0384908797768439 0.0384908797768439 0.0384908797768439 
0.0384908797768439 0.0384908797768439 0.0384908797768439 0.0384908797768439 
0.0384908797768439 0.0384908797768439 0.0384908797768439 0.0384908797768439 
0.0384908797768439 0.0384908797768439 0.0384908797768439 0.0384908797768439 
0.0384908797768439 0.0384908797768439 0.0384908797768439 0.0384908797768439 
0.0384908797768439 0.0384908797768439 0.0384908797768439 0.0384908797768439 
0.0384908797768439 0.0384908797768439 0.0384908797768439 0.0384908797768439 
0.0384908797768439 0.0384908797768439 0.0384908797768439 0.0384908797768439 
0.0384908797768439 0.0384908797768439 0.0384908797768439 0.0384908797768439 
0.0384908797768439 0.0384908797768439 0.0384908797768439 0.0384908797768439 
0.0384908797768439 0.0384908797768439 0.0384908797768439 0.0384908797768439 
0.0384908797768439 0.0384908797768439 0.0384908797768439 0.0384908797768439 
0.0384908797768439 0.0384908797768439 0.0384908797768439 0.0384908797768439 
0.0384908797768439 0.0384908797768439 0.0384908797768439 0.0384908797768439 
0.0384908797768439 0.0384908797768439 0.0384908797768439 0.0384908797768439 
0.0384908797768439 0.0384908797768439 0.0384908797768439 0.0384908797768439 
0.0384908797768439 0.0384908797768439 0.0384908797768439 0.0384908797768439 
0.0384908797768439 0.0384908797768439 0.0384908797768439 0.0384908797768439 
0.0384908797768439 0.0384908797768439 0.0384908797768439 0.0384908797768439 
0.0384908797768439 0.0384908797768439 0.0384908797768439 0.0384908797768439 
0.0384908797768439 0.0384908797768439 0.0384908797768439 0.0384908797768439 
0.0384908797768439 0.0384908797768439 0.0384908797768439 0.0384908797768439 
0.0384908797768439 0.0384908797768439 0.0384908797768439 0.0384908797768439 
0.0384908797768439 0.0384908797768439 0.0384908797768439 0.0384908797768439 
0.0384908797768439 0.0384908797768439 0.0384908797768439 0.0384908797768439 
0.0384908797768439 0.0384908797768439 0.0384908797768439 0.0384908797768439 
0.0384908797768439 0.0384908797768439 0.0384908797768439 0.0384908797768439 
0.0384908797768439 0.0384908797768439 0.0384908797768439 0.0384908797768439 
0.0384908797768439 0.0384908797768439 0.0384908797768439 0.0384908797768439 
0.0384908797768439 0.0384908797768439 0.0384908797768439 0.0384908797768439 
0.0384908797768439 0.0384908797768439 0.0384908797768439 0.0384908797768439 
0.0384908797768439 0.0384908797768439 0.0384908797768439 0.0384908797768439 
0.0384908797768439 0.0384908797768439 0.0384908797768439 0.0384908797768439 
0.0384908797768439 0.0384908797768439 0.0384908797768439 0.0384908797768439 
0.0384908797768439 0.0384908797768439 0.0384908797768439 0.0384908797768439 
0.0384908797768439 0.0384908797768439 0.0384908797768439 0.0384908797768439 
0.0384908797768439 0.0384908797768439 0.0384908797768439 0.0384908797768439 
0.0384908797768439 0.0384908797768439 0.0384908797768439 0.0384908797768439 
0.0384908797768439 0.0384908797768439 0.0384908797768439 0.0384908797768439 
0.0384908797768439 0.0384908797768439 0.0384908797768439 0.0384908797768439 
0.0384908797768439 0.0384908797768439 0.0384908797768439 0.0384908797768439 
0.0384908797768439 0.0384908797768439 0.0384908797768439 0.0384908797768439 
0.0384908797768439 0.0384908797768439 0.0384908797768439 0.0384908797768439 
0.0384908797768439 0.0384908797768439 0.0384908797768439 0.0384908797768439 
0.0384908797768439 0.0384908797768439 0.0384908797768439 0.0384908797768439 
0.0384908797768439 0.0384908797768439 0.0384908797768439 0.0384908797768439 
0.0384908797768439 0.0384908797768439 0.0384908797768439 0.0384908797768439 
0.0384908797768439 0.0384908797768439 0.0384908797768439 0.0384908797768439 
0.0384908797768439 0.0384908797768439 0.0384908797768439 0.0384908797768439 
0.0384908797768439 0.0384908797768439 0.0384908797768439 0.0384908797768439 
0.0384908797768439 0.0384908797768439 0.0384908797768439 0.0384908797768439 
0.0384908797768439 0.0384908797768439 0.0384908797768439 0.0384908797768439 
0.0384908797768439 0.0384908797768439 0.0384908797768439 0.0384908797768439 
0.0384908797768439 0.0384908797768439 0.0384908797768439 0.0384908797768439 
0.0384908797768439 0.0384908797768439 0.0384908797768439 0.0384908797768439 
0.0384908797768439 0.0384908797768439 0.0384908797768439 0.0384908797768439 
0.0384908797768439 0.0384908797768439 0.0384908797768439 0.0384908797768439 
0.0384908797768439 0.0384908797768439 0.0384908797768439 0.0384908797768439 
0.0384908797768439 0.0384908797768439 0.0384908797768439 0.0384908797768439 
0.0384908797768439 0.0384908797768439 0.0384908797768439 0.0384908797768439 
0.0384908797768439 0.0384908797768439 0.0384908797768439 0.0384908797768439 
0.0384908797768439 0.0384908797768439 0.0384908797768439 0.0384908797768439 
0.0384908797768439 0.0384908797768439 0.0384908797768439 0.0384908797768439 
0.0384908797768439 0.0384908797768439 0.0384908797768439 0.0384908797768439 
0.0384908797768439 0.0384908797768439 0.0384908797768439 0.0384908797768439 
0.0384908797768439 0.0384908797768439 0.0384908797768439 0.0384908797768439 
0.0384908797768439 0.0384908797768439 0.0384908797768439 0.0384908797768439 
0.0384908797768439 0.0384908797768439 0.0384908797768439 0.0384908797768439 
0.0384908797768439 0.0384908797768439 0.0384908797768439 0.0384908797768439 
0.0384908797768439 0.0384908797768439 0.0384908797768439 0.0384908797768439 
0.0384908797768439 0.0384908797768439 0.0384908797768439 0.0384908797768439 
0.0384908797768439 0.0384908797768439 0.0384908797768439 0.0384908797768439 
0.0384908797768439 0.0384908797768439 0.0384908797768439 0.0384908797768439 
0.0384908797768439 0.0384908797768439 0.0384908797768439 0.0384908797768439 
0.0384908797768439 0.0384908797768439 0.0384908797768439 0.0384908797768439 
0.0384908797768439 0.0384908797768439 0.0384908797768439 0.0384908797768439 
0.0384908797768439 0.0384908797768439 0.0384908797768439 0.0384908797768439 
0.0384908797768439 0.0384908797768439 0.0384908797768439 0.0384908797768439 
0.0384908797768439 0.0384908797768439 0.0384908797768439 0.0384908797768439 
0.0384908797768439 0.0384908797768439 0.0384908797768439 0.0384908797768439 
0.0384908797768439 0.0384908797768439 0.0384908797768439 0.0384908797768439 
0.0384908797768439 0.0384908797768439 0.0384908797768439 0.0384908797768439 
0.0384908797768439 0.0384908797768439 0.0384908797768439 0.0384908797768439 
0.0384908797768439 0.0384908797768439 0.0384908797768439 0.0384908797768439 
0.0384908797768439 0.0384908797768439 0.0384908797768439 0.0384908797768439 
0.0384908797768439 0.0384908797768439 0.0384908797768439 0.0384908797768439 
0.0384908797768439 0.0384908797768439 0.0384908797768439 0.0384908797768439 
0.0384908797768439 0.0384908797768439 0.0384908797768439 0.0384908797768439 
0.0384908797768439 0.0384908797768439 0.0384908797768439 0.0384908797768439 
0.0384908797768439 0.0384908797768439 0.0384908797768439 0.0384908797768439 
0.0384908797768439 0.0384908797768439 0.0384908797768439 0.0384908797768439 
0.0384908797768439 0.0384908797768439 0.0384908797768439 0.0384908797768439 
0.0384908797768439 0.0384908797768439 0.0384908797768439 0.0384908797768439 
0.0384908797768439 0.0384908797768439 0.0384908797768439 0.0384908797768439 
0.0384908797768439 0.0384908797768439 0.0384908797768439 0.0384908797768439 
0.0384908797768439 0.0384908797768439 0.0384908797768439 0.0384908797768439 
0.0384908797768439 0.0384908797768439 0.0384908797768439 0.0384908797768439 
0.0384908797768439 0.0384908797768439 0.0384908797768439 0.0384908797768439 
0.0384908797768439 0.0384908797768439 0.0384908797768439 0.0384908797768439 
0.0384908797768439 0.0384908797768439 0.0384908797768439 0.0384908797768439 
0.0384908797768439 0.0384908797768439 0.0384908797768439 0.0384908797768439 
0.0384908797768439 0.0384908797768439 0.0384908797768439 0.0384908797768439 
0.0384908797768439 0.0384908797768439 0.0384908797768439 0.0384908797768439 
0.0384908797768439 0.0384908797768439 0.0384908797768439 0.0384908797768439 
0.0384908797768439 0.0384908797768439 0.0384908797768439 0.0384908797768439 
0.0384908797768439 0.0384908797768439 0.0384908797768439 0.0384908797768439 
0.0384908797768439 0.0384908797768439 0.0384908797768439 0.0384908797768439 
0.0384908797768439 0.0384908797768439 0.0384908797768439 0.0384908797768439 
0.0384908797768439 0.0384908797768439 0.0384908797768439 0.0384908797768439 
0.0384908797768439 0.0384908797768439 0.0384908797768439 0.0384908797768439 
0.0384908797768439 0.0384908797768439 0.0384908797768439 0.0384908797768439 
0.0384908797768439 0.0384908797768439 0.0384908797768439 0.0384908797768439 
0.0384908797768439 0.0384908797768439 0.0384908797768439 0.0384908797768439 
0.0384908797768439 0.0384908797768439 0.0384908797768439 0.0384908797768439 
0.0384908797768439 0.0384908797768439 0.0384908797768439 0.0384908797768439 
0.0384908797768439 0.0384908797768439 0.0384908797768439 0.0384908797768439 
0.0384908797768439 0.0384908797768439 0.0384908797768439 0.0384908797768439 
0.0384908797768439 0.0384908797768439 0.0384908797768439 0.0384908797768439 
0.0384908797768439 0.0384908797768439 0.0384908797768439 0.0384908797768439 
0.0384908797768439 0.0384908797768439 0.0384908797768439 0.0384908797768439 
0.0384908797768439 0.0384908797768439 0.0384908797768439 0.0384908797768439 
0.0384908797768439 0.0384908797768439 0.0384908797768439 0.0384908797768439 
0.0384908797768439 0.0384908797768439 0.0384908797768439 0.0384908797768439 
0.0384908797768439 0.0384908797768439 0.0384908797768439 0.0384908797768439 
0.0384908797768439 0.0384908797768439 0.0384908797768439 0.0384908797768439 
0.0384908797768439 0.0384908797768439 0.0384908797768439 0.0384908797768439 
0.0384908797768439 0.0384908797768439 0.0384908797768439 0.0384908797768439 
0.0384908797768439 0.0384908797768439 0.0384908797768439 0.0384908797768439 
0.0384908797768439 0.0384908797768439 0.0384908797768439 0.0384908797768439 
0.0384908797768439 0.0384908797768439 0.0384908797768439 0.0384908797768439 
0.0384908797768439 0.0384908797768439 0.0384908797768439 0.0384908797768439 
0.0384908797768439 0.0384908797768439 0.0384908797768439 0.0384908797768439 
0.0384908797768439 0.0384908797768439 0.0384908797768439 0.0384908797768439 
0.0384908797768439 0.0384908797768439 0.0384908797768439 0.0384908797768439 
0.0384908797768439 0.0384908797768439 0.0384908797768439 0.0384908797768439 
0.0384908797768439 0.0384908797768439 0.0384908797768439 0.0384908797768439 
0.0384908797768439 0.0384908797768439 0.0384908797768439 0.0384908797768439 
0.0384908797768439 0.0384908797768439 0.0384908797768439 0.0384908797768439 
0.0384908797768439 0.0384908797768439 0.0384908797768439 0.0384908797768439 
0.0384908797768439 0.0384908797768439 0.0384908797768439 0.0384908797768439 
0.0384908797768439 0.0384908797768439 0.0384908797768439 0.0384908797768439 
0.0384908797768439 0.0384908797768439 0.0384908797768439 0.0384908797768439 
0.0384908797768439 0.0384908797768439 0.0384908797768439 0.0384908797768439 
0.0384908797768439 0.0384908797768439 0.0384908797768439 0.0384908797768439 
0.0384908797768439 0.0384908797768439 0.0384908797768439 0.0384908797768439 
0.0384908797768439 0.0384908797768439 0.0384908797768439 0.0384908797768439 
0.0384908797768439 0.0384908797768439 0.0384908797768439 0.0384908797768439 
0.0384908797768439 0.0384908797768439 0.0384908797768439 0.0384908797768439 
0.0384908797768439 0.0384908797768439 0.0384908797768439 0.0384908797768439 
0.0384908797768439 0.0384908797768439 0.0384908797768439 0.0384908797768439 
0.0384908797768439 0.0384908797768439 0.0384908797768439 0.0384908797768439 
0.0384908797768439 0.0384908797768439 0.0384908797768439 0.0384908797768439 
0.0384908797768439 0.0384908797768439 0.0384908797768439 0.0384908797768439 
0.0384908797768439 0.0384908797768439 0.0384908797768439 0.0384908797768439 
0.0384908797768439 0.0384908797768439 0.0384908797768439 0.0384908797768439 
0.0384908797768439 0.0384908797768439 0.0384908797768439 0.0384908797768439 
0.0384908797768439 0.0384908797768439 0.0384908797768439 0.0384908797768439 
0.0384908797768439 0.0384908797768439 0.0384908797768439 0.0384908797768439 
0.0384908797768439 0.0384908797768439 0.0384908797768439 0.0384908797768439 
0.0384908797768439 0.0384908797768439 0.0384908797768439 0.0384908797768439 
0.0384908797768439 0.0384908797768439 0.0384908797768439 0.0384908797768439 
0.0384908797768439 0.0384908797768439 0.0384908797768439 0.0384908797768439 
0.0384908797768439 0.0384908797768439 0.0384908797768439 0.0384908797768439 
0.0384908797768439 0.0384908797768439 0.0384908797768439 0.0384908797768439 
0.0384908797768439 0.0384908797768439 0.0384908797768439 0.0384908797768439 
0.0384908797768439 0.0384908797768439 0.0384908797768439 0.0384908797768439 
0.0384908797768439 0.0384908797768439 0.0384908797768439 0.0384908797768439 
0.0384908797768439 0.0384908797768439 0.0384908797768439 0.0384908797768439 
0.0384908797768439 0.0384908797768439 0.0384908797768439 0.0384908797768439 
0.0384908797768439 0.0384908797768439 0.0384908797768439 0.0384908797768439 
0.0384908797768439 0.0384908797768439 0.0384908797768439 0.0384908797768439 
0.0384908797768439 0.0384908797768439 0.0384908797768439 0.0384908797768439 
0.0384908797768439 0.0384908797768439 0.0384908797768439 0.0384908797768439 
0.0384908797768439 0.0384908797768439 0.0384908797768439 0.0384908797768439 
0.0384908797768439 0.0384908797768439 0.0384908797768439 0.0384908797768439 
0.0384908797768439 0.0384908797768439 0.0384908797768439 0.0384908797768439 
0.0384908797768439 0.0384908797768439 0.0384908797768439 0.0384908797768439 
0.0384908797768439 0.0384908797768439 0.0384908797768439 0.0384908797768439 
0.0384908797768439 0.0384908797768439 0.0384908797768439 0.0384908797768439 
0.0384908797768439 0.0384908797768439 0.0384908797768439 0.0384908797768439 
0.0384908797768439 0.0384908797768439 0.0384908797768439 0.0384908797768439 
0.0384908797768439 0.0384908797768439 0.0384908797768439 0.0384908797768439 
0.0384908797768439 0.0384908797768439 0.0384908797768439 0.0384908797768439 
0.0384908797768439 0.0384908797768439 0.0384908797768439 0.0384908797768439 
0.0384908797768439 0.0384908797768439 0.0384908797768439 0.0384908797768439 
0.0384908797768439 0.0384908797768439 0.0384908797768439 0.0384908797768439 
0.0384908797768439 0.0384908797768439 0.0384908797768439 0.0384908797768439 
0.0384908797768439 0.0384908797768439 0.0384908797768439 0.0384908797768439 
0.0384908797768439 0.0384908797768439 0.0384908797768439 0.0384908797768439 
0.0384908797768439 0.0384908797768439 0.0384908797768439 0.0384908797768439 
0.0384908797768439 0.0384908797768439 0.0384908797768439 0.0384908797768439 
0.0384908797768439 0.0384908797768439 0.0384908797768439 0.0384908797768439 
0.0384908797768439 0.0384908797768439 0.0384908797768439 0.0384908797768439 
0.0384908797768439 0.0384908797768439 0.0384908797768439 0.0384908797768439 
0.0384908797768439 0.0384908797768439 0.0384908797768439 0.0384908797768439 
0.0384908797768439 0.0384908797768439 0.0384908797768439 0.0384908797768439 
0.0384908797768439 0.0384908797768439 0.0384908797768439 0.0384908797768439 
0.0384908797768439 0.0384908797768439 0.0384908797768439 0.0384908797768439 
0.0384908797768439 0.0384908797768439 0.0384908797768439 0.0384908797768439 
0.0384908797768439 0.0384908797768439 0.0384908797768439 0.0384908797768439 
0.0384908797768439 0.0384908797768439 0.0384908797768439 0.0384908797768439 
0.0384908797768439 0.0384908797768439 0.0384908797768439 0.0384908797768439 
0.0384908797768439 0.0384908797768439 0.0384908797768439 0.0384908797768439 
0.0384908797768439 0.0384908797768439 0.0384908797768439 0.0384908797768439 
0.0384908797768439 0.0384908797768439 0.0384908797768439 0.0384908797768439 
0.0384908797768439 0.0384908797768439 0.0384908797768439 0.0384908797768439 
0.0384908797768439 0.0384908797768439 0.0384908797768439 0.0384908797768439 
0.0384908797768439 0.0384908797768439 0.0384908797768439 0.0384908797768439 
0.0384908797768439 0.0384908797768439 0.0384908797768439 0.0384908797768439 
0.0384908797768439 0.0384908797768439 0.0384908797768439 0.0384908797768439 
0.0384908797768439 0.0384908797768439 0.0384908797768439 0.0384908797768439 
0.0384908797768439 0.0384908797768439 0.0384908797768439 0.0384908797768439 
0.0384908797768439 0.0384908797768439 0.0384908797768439 0.0384908797768439 
0.0384908797768439 0.0384908797768439 0.0384908797768439 0.0384908797768439 
0.0384908797768439 0.0384908797768439 0.0384908797768439 0.0384908797768439 
0.0384908797768439 0.0384908797768439 0.0384908797768439 0.0384908797768439 
0.0384908797768439 0.0384908797768439 0.0384908797768439 0.0384908797768439 
0.0384908797768439 0.0384908797768439 0.0384908797768439 0.0384908797768439 
0.0384908797768439 0.0384908797768439 0.0384908797768439 0.0384908797768439 
0.0384908797768439 0.0384908797768439 0.0384908797768439 0.0384908797768439 
0.0384908797768439 0.0384908797768439 0.0384908797768439 0.0384908797768439 
0.0384908797768439 0.0384908797768439 0.0384908797768439 0.0384908797768439
##$VisuCoreFrameType=( 1 )
MAGNITUDE_IMAGE
##$VisuCoreWordType=_16BIT_SGN_INT
##$VisuCoreByteOrder=littleEndian
##$VisuFGOrderDescDim=1
##$VisuFGOrderDesc=( 1 )
(1200, <FG_CYCLE>, <>, 0, 0)
##$VisuGroupDepVals=( 1 )
(<>, 0)
##$VisuSubjectName=( 65 )
<Blue Imaging Tube D030>
##$VisuSubjectId=( 65 )
<QA_Phantom_T10998>
##$VisuSubjectUid=( 65 )
<2.16.756.5.5.100.1284424989.8323.1460579554.3>
##$VisuSubjectInstanceCreationDate=(1460579554, 762, -240)
##$VisuSubjectBirthDate=( 9 )
<20250524>
##$VisuSubjectSex=UNDEFINED
##$VisuSubjectType=Other
##$VisuStudyUid=( 65 )
<2.16.756.5.5.100.8323328.48392.1758292192.9>
##$VisuStudyDate=<2025-09-19T10:29:52,856-0400>
##$VisuStudyId=( 65 )
<EPI_test>
##$VisuStudyNumber=148
##$VisuSubjectWeight=0.001
##$VisuStudyReferringPhysician=( 65 )
<nmrsu>
##$VisuStudyDescription=( 2048 )
<\
>
##$VisuExperimentNumber=6
##$VisuProcessingNumber=1
##$VisuSeriesDate=<2025-09-19T11:23:42,072-0400>
##$VisuSubjectPosition=Head_Supine
##$VisuSeriesTypeId=( 65 )
<ACQ_BRUKER_PVM>
##$VisuSeriesComment=( 65 )
<EPI_noblock>
##$VisuManufacturer=( 65 )
<Bruker BioSpin MRI GmbH>
##$VisuAcqSoftwareVersion=( 65 )
<6.0.1>
##$VisuInstitution=( 65 )
<Sunnybrook Research Institute>
##$VisuStation=( 65 )
<BioSpec 70/30>
##$VisuSystemOrderNumber=( 65 )
<CTO-081-10>
##$VisuAcqDate=<2025-09-19T11:03:38,327-0400>
##$VisuAcqEchoTrainLength=64
##$VisuAcqSequenceName=( 40 )
<Bruker:EPI>
##$VisuAcqNumberOfAverages=1
##$VisuAcqImagingFrequency=300.32304593564
##$VisuAcqImagedNucleus=( 8 )
<1H>
##$VisuAcqRepetitionTime=( 1 )
1000
##$VisuAcqPhaseEncSteps=64
##$VisuAcqPixelBandwidth=3125
##$VisuAcqFlipAngle=90
##$VisuAcqSize=( 2 )
64 64
##$VisuAcqImageSizeAccellerated=No
##$VisuAcqGradEncoding=( 2 )
read_enc phase_enc
##$VisuAcqEchoTime=( 1 )
14.039
##$VisuAcquisitionProtocol=( 65 )
<EPI>
##$VisuAcqScanTime=1200000
##$VisuAcqAntiAlias=( 2 )
1 1
##$VisuAcqEchoSequenceType=Both
##$VisuAcqSpinsVelocityEncoded=No
##$VisuAcqHasTimeOfFlightContrast=No
##$VisuAcqIsEpiSequence=Yes
##$VisuAcqSpectralSuppression=NoSuppression
##$VisuAcqKSpaceTraversal=RectilinearTraversal
##$VisuAcqEncodingOrder=( 2 )
LinearEncoding LinearEncoding
##$VisuAcqKSpaceTrajectoryCnt=1
##$VisuAcqKSpaceFiltering=( 2 )
NO_WDW NO_WDW
##$VisuAcqFlowCompensation=FlowNone
##$VisuAcqSpoiling=GradientSpoiled
##$VisuAcqPartialFourier=( 2 )
1 1
##$VisuAcqParallelReductionFactor=( 2 )
1 1
##$VisuAcqMagnetizationTransfer=No
##$VisuAcqBloodSignalNulling=No
##$VisuCardiacSynchUsed=No
##$VisuRespSynchUsed=No
##END=
$$ File finished by PARX at 2025-09-19 11:23:43.371 -0400
