##TITLE=Parameter List, ParaVision 360 V3.5
##JCAMPDX=4.24
##DATATYPE=Parameter Values
##ORIGIN=Bruker BioSpin MRI GmbH
##OWNER=cristina
$$ Write Options: Symbolic Enums
$$ 2025-02-24 19:57:57.296 +0100  cristina@cibmsafe94t1
$$ /opt/PV-360.3.5/data/cristina/20250224_133808_20250224_BDL811_ShamMale_6w_MRSI_SVS_20250224_BDL811_ShamMale_6w_MRSI_SVS_1_1/57/MapShim
$$ process /opt/PV-360.3.5/prog/bin/parxserver
##$PVM_MapShimReady=Yes
##$PVM_MapShimLocShim=No
##$PVM_MapShimStatus=( 128 )
<Mapshim ready.>
##$PVM_MapShimCalcStat=( 256 )
<Succeeded>
##$PVM_DynamicShim=( 1, 9 )
0 0 0 0 0 0 0 0 0
##$PVM_MapShimNVolumes=1
##$PVM_MapShimVolDescr=(<BRUKER_SHIMVOL>, GeoCuboidPackId, Standard_GobjShape, 
<PVM_MapShimVolumes>, <>, 0, <+1; 1st dir> <+2; 2nd dir> <+3; 3rd dir>, Yes, 
524288)
##$PVM_MapShimVolumes=( 1 )
(((-1 0 0 0 1 0 0 0 -1, 2.36054916658579 -0.111450153712893 3.15094404153397, 
0 0 0), 3 3 3, <+1; 1st dir> <+2; 2nd dir> <+3; 3rd dir>, 0), 1, 1, 1, 3, 0, 
No)
##$PVM_MapShimVolShape=Cuboid
##$PVM_StudyB0Map=(</opt/PV-360.3.5/data/cristina>, 
<20250224_133808_20250224_BDL811_ShamMale_6w_MRSI_SVS_20250224_BDL811_ShamMale_6w_MRSI_SVS_1_1>, 11, 1, <2.16.756.5.5.200.8323328.3287414.1740403424.4149>, <B0Map_Standard>, <>)
##$PVM_B0MapShimset=( 9 )
-0.0133156792301749 1.97528038452735 -2.16296635385672 -2.04242008087282 
-1.99053940642405 0.141908903639277 -4.64026855878538 -0.00610360875867857 
-0.266269932097353
##$PVM_ReqShimEnum=Map_Shim
##$PVM_MapShimUseShims=AllShims
##$PVM_MapShimVolDerive=Yes
##$PVM_MapShimVolMargin=( 3 )
0 0 0
##$PVM_MapShimVolMaster=( 65 )
<PVM_VoxelGeoObj>
##$PVM_DynamicShimEnable=No
##$PVM_DynamicShimConstrainToFast=No
##$PVM_DynamicShimSliceMargin=1
##$PVM_DynamicShimEventDuration=30
##$PVM_ShimCoeffNcal=9
##$PVM_ShimCoeffNcoeff=81
##$PVM_ShimCoeffId=( 9, 41 )
<Ch1: Spf17 FRED> <Ch2: Spf3 Gradient Z> <Ch3: Spf4 SPS1,1 CoilPins=B1-B2 
CoilId=1> <Ch4: Spf1 Gradient X> <Ch5: Spf2 Gradient Y> <Ch6: Spf5 SPS1,3 
CoilPins=C4-C5 CoilId=2> <Ch7: Spf6 SPS1,2 CoilPins=D1-D2 CoilId=3> <Ch8: 
Spf7 SPS1,5 CoilPins=F1-F2 CoilId=4> <Ch9: Spf8 SPS1,4 CoilPins=E4-E5 
CoilId=5>
##$PVM_ShimCoeffHwStatus=( 1024 )
<B-GA12SHP INSERT FOR BGA20S BC94/30 (BFR W3307165/000276S).1508182319>
##$PVM_ShimCoeffCalVersion=( 128 )
<PV-360-1.1-V1>
##$PVM_ShimCoeffCoeff=( 9, 81 )
-625000 0 0 0 0 0 0 0 0 0 0 0 0 0 0 0 0 0 0 0 0 0 0 0 0 0 0 0 0 0 0 0 0 0 0 0 
0 0 0 0 0 0 0 0 0 0 0 0 0 0 0 0 0 0 0 0 0 0 0 0 0 0 0 0 0 0 0 0 0 0 0 0 0 0 0 
0 0 0 0 0 0 25.441093230253 98.354814769747 -1.61625273631018 
-1.21054264433809 0 0 0 0 0 0 0 0 0 0 0 0 0 0 0 0 0 0 0 0 0 0 0 0 0 0 0 0 0 0 
0 0 0 0 0 0 0 0 0 0 0 0 0 0 0 0 0 0 0 0 0 0 0 0 0 0 0 0 0 0 0 0 0 0 0 0 0 0 0 
0 0 0 0 0 0 0 0 224.310018487891 -0 0.556459855705746 -0 -2.4751315946155 -0 
-0 -0 -0 0 0 0 0 0 0 0 0 0 0 0 0 0 0 0 0 0 0 0 0 0 0 0 0 0 0 0 0 0 0 0 0 0 0 
0 0 0 0 0 0 0 0 0 0 0 0 0 0 0 0 0 0 0 0 0 0 0 0 0 0 0 0 0 0 0 0 0 0 0 0 0 0 
11.6260865725677 1.29543651575051 96.7391362771515 0 0 0 0 0 0 0 0 0 0 0 0 0 
0 0 0 0 0 0 0 0 0 0 0 0 0 0 0 0 0 0 0 0 0 0 0 0 0 0 0 0 0 0 0 0 0 0 0 0 0 0 0 
0 0 0 0 0 0 0 0 0 0 0 0 0 0 0 0 0 0 0 0 0 0 0 0 0 0 3.11785086447477 0 0 
94.726000549755 0 0 0 0 0 0 0 0 0 0 0 0 0 0 0 0 0 0 0 0 0 0 0 0 0 0 0 0 0 0 0 
0 0 0 0 0 0 0 0 0 0 0 0 0 0 0 0 0 0 0 0 0 0 0 0 0 0 0 0 0 0 0 0 0 0 0 0 0 0 0 
0 0 0 0 0 0 0 -65.9576097807757 2.14591854232286 -1.88487669564942 
1.18635289948526 0.12140832621504 7.54678346991265 0 0 0 0 
-0.00524497187876143 0 0 0.00472341479526564 -0.00455122497553227 0 
-0.00010274196369059 0 0 0.000291051844645403 0 0 0 0 0 0 0 0 0 0 0 
-1.55382968833744e-05 0 0 0 0 0 0 0 0 0 0 0 0 0 0 0 0 0 0 0 0 0 0 0 0 0 0 0 0 
0 0 0 0 2.77093127710481e-10 0 0 0 0 0 0 0 0 0 0 0 0 0 0 0 0 39.9912963910603 
2.62884062008443 -1.41149552198958 -3.1978777168462 0 0 0 7.25823956221195 0 
0 0 -0.00381421672901278 0 0 0 0 0 0 0 0 0 0 0 0 0 0 0 0 0 0 0 0 0 0 0 0 0 0 
0 0 0 0 0 0 0 0 0 0 0 0 0 0 0 0 0 0 0 0 0 0 0 0 0 0 0 0 0 0 0 0 0 0 0 0 0 0 0 
0 0 0 0 24.9042596403449 1.1539998529264 0 0.936847508247685 0 0 0 0 
3.32903705033352 0 0 0 0 0 0 0 0 0 0 0 0 0 0 0 0 0 0 0 0 0 0 0 0 0 0 0 0 0 0 
0 0 0 0 0 0 0 0 0 0 0 0 0 0 0 0 0 0 0 0 0 0 0 0 0 0 0 0 0 0 0 0 0 0 0 0 0 0 0 
0 0 0 49.0257968420434 1.25166094824389 -1.55140784489063 -0.983298786432883 
0 0 3.50200625138777 0 0 0 0 0 0 0 0 0 0 0 0 0 0 0 0 0 0 0 0 0 0 0 0 0 0 0 0 
0 0 0 0 0 0 0 0 0 0 0 0 0 0 0 0 0 0 0 0 0 0 0 0 0 0 0 0 0 0 0 0 0 0 0 0 0 0 0 
0 0 0 0 0 0 0
##$PVM_ShimCoeffCoeffSD=( 9, 81 )
0 0 0 0 0 0 0 0 0 0 0 0 0 0 0 0 0 0 0 0 0 0 0 0 0 0 0 0 0 0 0 0 0 0 0 0 0 0 0 
0 0 0 0 0 0 0 0 0 0 0 0 0 0 0 0 0 0 0 0 0 0 0 0 0 0 0 0 0 0 0 0 0 0 0 0 0 0 0 
0 0 0 0.134797215462806 0.013107319059778 0.0131160458479093 
0.0131073190597782 0 0 0 0 0 0 0 0 0 0 0 0 0 0 0 0 0 0 0 0 0 0 0 0 0 0 0 0 0 
0 0 0 0 0 0 0 0 0 0 0 0 0 0 0 0 0 0 0 0 0 0 0 0 0 0 0 0 0 0 0 0 0 0 0 0 0 0 0 
0 0 0 0 0 0 0 0 0 -0.0917237901889131 -0 -0.00892491220712158 -0 
-0.0005912671780348 -0 -0 -0 -0 0 0 0 0 0 0 0 0 0 0 0 0 0 0 0 0 0 0 0 0 0 0 0 
0 0 0 0 0 0 0 0 0 0 0 0 0 0 0 0 0 0 0 0 0 0 0 0 0 0 0 0 0 0 0 0 0 0 0 0 0 0 0 
0 0 0 0 0 0 0 0 0 0 0.154590254232527 0.0150319409700049 0.0150419491618746 0 
0 0 0 0 0 0 0 0 0 0 0 0 0 0 0 0 0 0 0 0 0 0 0 0 0 0 0 0 0 0 0 0 0 0 0 0 0 0 0 
0 0 0 0 0 0 0 0 0 0 0 0 0 0 0 0 0 0 0 0 0 0 0 0 0 0 0 0 0 0 0 0 0 0 0 0 0 0 
0.155216705402502 0 0 0.0150928553986306 0 0 0 0 0 0 0 0 0 0 0 0 0 0 0 0 0 0 
0 0 0 0 0 0 0 0 0 0 0 0 0 0 0 0 0 0 0 0 0 0 0 0 0 0 0 0 0 0 0 0 0 0 0 0 0 0 0 
0 0 0 0 0 0 0 0 0 0 0 0 0 0 0 0 0 0 0 0 0.204967826260841 0.0199288776756501 
0.0199426433883557 0.0199310980761538 0.00132140779278616 0.00228650449142374 
0 0 0 0 0.000188780531816824 0 0 0.00018989727423039 0.000149706404183921 0 
4.17454201492032e-06 0 0 8.79018785438174e-06 0 0 0 0 0 0 0 0 0 0 0 
8.54845957946317e-07 0 0 0 0 0 0 0 0 0 0 0 0 0 0 0 0 0 0 0 0 0 0 0 0 0 0 0 0 
0 0 0 0 2.66411153042111e-11 0 0 0 0 0 0 0 0 0 0 0 0 0 0 0 0 
0.140721165446474 0.0136841003982784 0.0136924583451537 0.0136833480397798 0 
0 0 0.00158448496488427 0 0 0 0.000103134697263808 0 0 0 0 0 0 0 0 0 0 0 0 0 
0 0 0 0 0 0 0 0 0 0 0 0 0 0 0 0 0 0 0 0 0 0 0 0 0 0 0 0 0 0 0 0 0 0 0 0 0 0 0 
0 0 0 0 0 0 0 0 0 0 0 0 0 0 0 0 0 0.139500934099776 0.0135646960221322 0 
0.0135646960221325 0 0 0 0 0.000778147750303219 0 0 0 0 0 0 0 0 0 0 0 0 0 0 0 
0 0 0 0 0 0 0 0 0 0 0 0 0 0 0 0 0 0 0 0 0 0 0 0 0 0 0 0 0 0 0 0 0 0 0 0 0 0 0 
0 0 0 0 0 0 0 0 0 0 0 0 0 0 0 0 0 0 0.11403264187931 0.0110882242568278 
0.0110956067416365 0.0110882242568279 0 0 0.000640085927148936 0 0 0 0 0 0 0 
0 0 0 0 0 0 0 0 0 0 0 0 0 0 0 0 0 0 0 0 0 0 0 0 0 0 0 0 0 0 0 0 0 0 0 0 0 0 0 
0 0 0 0 0 0 0 0 0 0 0 0 0 0 0 0 0 0 0 0 0 0 0 0 0 0 0 0
##$PVM_CfgInfoMr_ElectronicSystem=( 128 )
<AVANCE NEO>
##$PVM_CfgInfoMr_FieldStrength=9.40074411152084
##$PVM_CfgInfoMr_Frequency=400.26
##$PVM_CfgInfoMr_OperationMode=( 1024 )
<[1H] TX Volume Array, RX Surface Array>
##$PVM_CfgInfoMr_GradientCoil=( 1024 )
<B-GA12SHP INSERT FOR BGA20S BC94/30 (BFR_W3307165_000276)>
##$PVM_CfgInfoMr_GradientController=( 3, 1024 )
<Gradient Controller (BFR_W149910_1807)> <Gradient Controller 
(BFR_W149910_1791)> <Gradient Controller (BFR_W149910_1796)>
##$PVM_CfgInfoMr_GradientAmplifier=( 3, 1024 )
<BGA> <BGA> <BGA>
##$PVM_CfgInfoMr_GradientPowerSupply=( 3, 1024 )
<IECO_300A_500V> <IECO_300A_500V> <IECO_300A_500V>
##$PVM_CfgInfoMr_GradientPowerSupplyImax=( 10 )
300 300 300 0 0 0 0 0 0 0
##$PVM_CfgInfoMr_ShimCoil=( 1024 )
<B-GA12SHP INSERT FOR BGA20S BC94/30 (BFR_W3307165_000276S)>
##$PVM_CfgInfoMr_ShimController=( 1, 1024 )
<Shim Controller (BFR_W149910_1962)>
##$PVM_CfgInfoMr_ShimUnitType=( 128 )
<GTCUBE>
##$PVM_CfgInfoMr_ShimPowerSupply=( 1, 1024 )
<BSPS_66010>
##$PVM_CfgInfoMr_SPSOutputChannels=6
##$PVM_CfgInfoMr_SPSToCoilChan=( 6, 11 )
<Shim_Z2> <Shim_YZ> <Shim_XZ> <Shim_X2_Y2> <Shim_2XY> <Shim_Z3>
##$PVM_CfgInfoMr_SPSToCoilImax=( 6 )
10 10 10 10 10 10
##$PVM_CfgInfoMr_SPSToCoilUmax=( 6 )
60 60 60 60 60 60
##$PVM_CfgInfoMr_ShimMaxValue=131070
##$PVM_CfgInfoMr_RfPowerTransmitter=( 3, 1024 )
<AV4 BLA2BB500 300-400 (W174909_000025)> <AV4 BLA2BB500 300-400 
(W174909_000023)> <AV4 BLABB1000 15-650 (W148221_000220)>
##$PVM_CfgInfoMr_Transceiver=( 9, 1024 )
<AV4 TRANSCEIVER 1200 (BCH_Z148391_10832)> <AV4 TRANSCEIVER 1200 
(BCH_Z148391_10847)> <AV4 TRANSCEIVER 1200 (BCH_Z148391_10845)> <AV4 
TRANSCEIVER 1200 (BCH_Z148391_10844)> <AV4 TRANSCEIVER 1200 
(BCH_Z148391_10843)> <AV4 TRANSCEIVER 1200 (BCH_Z148391_10842)> <AV4 
TRANSCEIVER 1200 (BCH_Z148391_10840)> <AV4 TRANSCEIVER 1200 
(BCH_Z148391_10833)> <AV4 TRANSCEIVER 1200 (BCH_Z148391_10841)>
##$PVM_CfgInfoMr_ShimChecksumComponentName=( 30, 35 )
<GTCUBE> <shimMaxVal=131070> <nSPS=6> <Shim_Z2> <SPS_vmax[0]=60> 
<SPS_imax[0]=10000> <Shim_YZ> <SPS_vmax[1]=60> <SPS_imax[1]=10000> <Shim_XZ> 
<SPS_vmax[2]=60> <SPS_imax[2]=10000> <Shim_X2_Y2> <SPS_vmax[3]=60> 
<SPS_imax[3]=10000> <Shim_2XY> <SPS_vmax[4]=60> <SPS_imax[4]=10000> <Shim_Z3> 
<SPS_vmax[5]=60> <SPS_imax[5]=10000> <shimStatus=BFR_W3307165_000276S> 
<nGPS=3> <IECO_300A_500V> <GPS_imax[1]=300000> <IECO_300A_500V> 
<GPS_imax[2]=300000> <IECO_300A_500V> <GPS_imax[4]=300000> 
<gradientStatus=BFR_W3307165_000276>
##$PVM_CfgInfoMr_ShimChecksumComponentValue=( 30, 35 )
<ShimUnit=7> <shimMaxVal=131070> <nSPS=6> <SPS_ch2sh[0]=2> <SPS_vmax[0]=60> 
<SPS_imax[0]=10000> <SPS_ch2sh[1]=8> <SPS_vmax[1]=60> <SPS_imax[1]=10000> 
<SPS_ch2sh[2]=7> <SPS_vmax[2]=60> <SPS_imax[2]=10000> <SPS_ch2sh[3]=10> 
<SPS_vmax[3]=60> <SPS_imax[3]=10000> <SPS_ch2sh[4]=9> <SPS_vmax[4]=60> 
<SPS_imax[4]=10000> <SPS_ch2sh[5]=3> <SPS_vmax[5]=60> <SPS_imax[5]=10000> 
<shimStatus=BFR_W3307165_000276S> <nGPS=3> <GPS_type[1]=8> 
<GPS_imax[1]=300000> <GPS_type[2]=8> <GPS_imax[2]=300000> <GPS_type[4]=8> 
<GPS_imax[4]=300000> <gradientStatus=BFR_W3307165_000276>
##$PVM_CfgInfoMr_NShimChecksumComponents=30
##$PVM_MapShimReportBasicShimStatistics=( 2 )
(Yes, <Map>, 28.787109375, 648, 2.12166175644682, 3.82825669262628, 
-9.40499030627857, 12.3291918522567, 3.03535410926435, 100, 1, 0) (Yes, 
<Basic Shim>, 28.787109375, 648, -1.95570583047704e-14, 0.90415596345466, 
-3.27870740728161, 3.15593456327531, 0.681758795420323, 100, 9, 1)
##$PVM_MapShimReportDynamicShimStatistics=( 2, 1 )
(No, <>, 0, 0, 0, 0, 0, 0, 0, 0, 0, 0) (No, <>, 0, 0, 0, 0, 0, 0, 0, 0, 0, 0)
##$PVM_AdjShimset=( 9 )
-0.0412499883471614 -0.876403270858684 -8.15283769803311 -2.3293868175594 
-0.733496792618943 1.0445730425547 -7.79135233506362 -0.85774593479083 
-0.151681644755837
##$PVM_MapShimReportBasicShimHistograms=( 4, 100 )
-9.24826062065322 -9.01856521909565 -8.78886981753807 -8.55917441598049 
-8.32947901442292 -8.09978361286534 -7.87008821130777 -7.64039280975019 
-7.41069740819261 -7.18100200663504 -6.95130660507746 -6.72161120351988 
-6.4919158019623 -6.26222040040473 -6.03252499884715 -5.80282959728957 
-5.573134195732 -5.34343879417442 -5.11374339261684 -4.88404799105927 
-4.65435258950169 -4.42465718794411 -4.19496178638654 -3.96526638482896 
-3.73557098327138 -3.50587558171381 -3.27618018015623 -3.04648477859865 
-2.81678937704108 -2.5870939754835 -2.35739857392592 -2.12770317236834 
-1.89800777081077 -1.66831236925319 -1.43861696769561 -1.20892156613804 
-0.979226164580462 -0.749530763022884 -0.519835361465308 -0.29013995990773 
-0.0604445583501541 0.169250843207422 0.398946244765 0.628641646322576 
0.858337047880154 1.08803244943773 1.31772785099531 1.54742325255288 
1.77711865411046 2.00681405566804 2.23650945722561 2.46620485878319 
2.69590026034077 2.92559566189834 3.15529106345592 3.3849864650135 
3.61468186657107 3.84437726812865 4.07407266968623 4.30376807124381 
4.53346347280138 4.76315887435896 4.99285427591654 5.22254967747411 
5.45224507903169 5.68194048058927 5.91163588214684 6.14133128370442 
6.371026685262 6.60072208681957 6.83041748837715 7.06011288993473 
7.2898082914923 7.51950369304988 7.74919909460746 7.97889449616503 
8.20858989772261 8.43828529928019 8.66798070083776 8.89767610239534 
9.12737150395292 9.35706690551049 9.58676230706807 9.81645770862565 
10.0461531101832 10.2758485117408 10.5055439132984 10.735239314856 
10.9649347164135 11.1946301179711 11.4243255195287 11.6540209210863 
11.8837163226438 12.1134117242014 12.343107125759 12.5728025273166 
12.8024979288741 13.0321933304317 13.2618887319893 13.4915841335469 
0.0476190476190476 0 0 0 0.0952380952380952 0 0 0.0476190476190476 
0.0476190476190476 0 0.0952380952380952 0.142857142857143 0.0476190476190476 
0.19047619047619 0.0476190476190476 0.0476190476190476 0.0952380952380952 
0.238095238095238 0.142857142857143 0.142857142857143 0.0476190476190476 
0.142857142857143 0.0952380952380952 0.428571428571429 0.0952380952380952 
0.285714285714286 0.19047619047619 0.333333333333333 0.333333333333333 
0.19047619047619 0.238095238095238 0.428571428571429 0.285714285714286 
0.238095238095238 0.333333333333333 0.333333333333333 0.523809523809524 
0.476190476190476 0.666666666666667 0.714285714285714 0.476190476190476 
0.952380952380952 0.761904761904762 0.857142857142857 0.761904761904762 
0.619047619047619 1 1 0.761904761904762 0.714285714285714 0.761904761904762 
0.80952380952381 0.666666666666667 0.333333333333333 0.80952380952381 
0.80952380952381 0.523809523809524 0.380952380952381 0.714285714285714 
0.857142857142857 0.380952380952381 0.571428571428571 0.428571428571429 
0.571428571428571 0.238095238095238 0.619047619047619 0.523809523809524 
0.476190476190476 0.476190476190476 0.380952380952381 0.285714285714286 
0.761904761904762 0.333333333333333 0.333333333333333 0.238095238095238 
0.0476190476190476 0.428571428571429 0.19047619047619 0.0952380952380952 
0.0952380952380952 0.142857142857143 0.0952380952380952 0.0476190476190476 
0.19047619047619 0.0952380952380952 0.0476190476190476 0.0952380952380952 
0.0476190476190476 0 0 0 0.0476190476190476 0.0476190476190476 0 
0.0952380952380952 0 0 0 0 0 -2.68534321146036 -2.63109385365308 
-2.5768444958458 -2.52259513803852 -2.46834578023124 -2.41409642242396 
-2.35984706461668 -2.3055977068094 -2.25134834900212 -2.19709899119484 
-2.14284963338756 -2.08860027558028 -2.034350917773 -1.98010155996572 
-1.92585220215844 -1.87160284435117 -1.81735348654389 -1.76310412873661 
-1.70885477092933 -1.65460541312205 -1.60035605531477 -1.54610669750749 
-1.49185733970021 -1.43760798189293 -1.38335862408565 -1.32910926627837 
-1.27485990847109 -1.22061055066381 -1.16636119285653 -1.11211183504925 
-1.05786247724197 -1.00361311943469 -0.949363761627412 -0.895114403820133 
-0.840865046012853 -0.786615688205573 -0.732366330398294 -0.678116972591015 
-0.623867614783735 -0.569618256976455 -0.515368899169176 -0.461119541361896 
-0.406870183554616 -0.352620825747337 -0.298371467940057 -0.244122110132778 
-0.189872752325498 -0.135623394518219 -0.081374036710939 -0.0271246789036592 
0.0271246789036201 0.0813740367108999 0.135623394518179 0.189872752325459 
0.244122110132738 0.298371467940018 0.352620825747298 0.406870183554577 
0.461119541361857 0.515368899169137 0.569618256976416 0.623867614783696 
0.678116972590975 0.732366330398255 0.786615688205534 0.840865046012814 
0.895114403820093 0.949363761627373 1.00361311943465 1.05786247724193 
1.11211183504921 1.16636119285649 1.22061055066377 1.27485990847105 
1.32910926627833 1.38335862408561 1.43760798189289 1.49185733970017 
1.54610669750745 1.60035605531473 1.65460541312201 1.70885477092929 
1.76310412873657 1.81735348654385 1.87160284435113 1.92585220215841 
1.98010155996568 2.03435091777297 2.08860027558024 2.14284963338752 
2.1970989911948 2.25134834900208 2.30559770680936 2.35984706461664 
2.41409642242392 2.4683457802312 2.52259513803848 2.57684449584576 
2.63109385365304 2.68534321146032 0.0624092888243832 0 0.0304789550072569 0 
0.00290275761973875 0 0 0.0928882438316401 0.0319303338171263 0 
0.00290275761973875 0.00435413642960813 0.0319303338171263 0.0667634252539913 
0.123367198838897 0.0319303338171263 0.0943396226415094 0.129172714078374 
0.0653120464441219 0.0653120464441219 0.0624092888243832 0.034833091436865 
0.0943396226415094 0.104499274310595 0.216255442670537 0.06966618287373 
0.188679245283019 0.101596516690856 0.132075471698113 0.0972423802612482 
0.312046444121916 0.195936139332366 0.100145137880987 0.129172714078374 
0.132075471698113 0.253991291727141 0.381712626995646 0.197387518142235 
0.355587808417997 0.631349782293179 0.380261248185777 0.39477503628447 
0.571843251088534 0.391872278664732 0.297532656023222 0.537010159651669 
0.365747460087083 0.39622641509434 0.602322206095791 0.478955007256894 
0.388969521044993 1 0.477503628447025 0.711175616835994 0.664731494920174 
0.451378809869376 0.473149492017417 0.712626995645864 0.570391872278665 
0.422351233671988 0.407837445573295 0.657474600870827 0.561683599419449 
0.474600870827286 0.4644412191582 0.2322206095791 0.320754716981132 
0.34978229317852 0.227866473149492 0.224963715529753 0.130624092888244 
0.175616835994194 0.101596516690856 0.101596516690856 0.190130624092888 
0.0928882438316401 0.0130624092888244 0.0362844702467344 0.155297532656023 
0.00290275761973875 0.156748911465893 0.0333817126269957 0.0319303338171263 
0.0362844702467344 0.00290275761973875 0.0928882438316401 0.0333817126269957 
0.00145137880986938 0.0609579100145138 0 0 0.00145137880986938 
0.00145137880986938 0.0609579100145138 0.00290275761973875 0 
0.0304789550072569 0.0304789550072569 0 0
##$PVM_MapShimReportDynamicShimHistograms=( 1, 4, 100 )
0 0 0 0 0 0 0 0 0 0 0 0 0 0 0 0 0 0 0 0 0 0 0 0 0 0 0 0 0 0 0 0 0 0 0 0 0 0 0 
0 0 0 0 0 0 0 0 0 0 0 0 0 0 0 0 0 0 0 0 0 0 0 0 0 0 0 0 0 0 0 0 0 0 0 0 0 0 0 
0 0 0 0 0 0 0 0 0 0 0 0 0 0 0 0 0 0 0 0 0 0 0 0 0 0 0 0 0 0 0 0 0 0 0 0 0 0 0 
0 0 0 0 0 0 0 0 0 0 0 0 0 0 0 0 0 0 0 0 0 0 0 0 0 0 0 0 0 0 0 0 0 0 0 0 0 0 0 
0 0 0 0 0 0 0 0 0 0 0 0 0 0 0 0 0 0 0 0 0 0 0 0 0 0 0 0 0 0 0 0 0 0 0 0 0 0 0 
0 0 0 0 0 0 0 0 0 0 0 0 0 0 0 0 0 0 0 0 0 0 0 0 0 0 0 0 0 0 0 0 0 0 0 0 0 0 0 
0 0 0 0 0 0 0 0 0 0 0 0 0 0 0 0 0 0 0 0 0 0 0 0 0 0 0 0 0 0 0 0 0 0 0 0 0 0 0 
0 0 0 0 0 0 0 0 0 0 0 0 0 0 0 0 0 0 0 0 0 0 0 0 0 0 0 0 0 0 0 0 0 0 0 0 0 0 0 
0 0 0 0 0 0 0 0 0 0 0 0 0 0 0 0 0 0 0 0 0 0 0 0 0 0 0 0 0 0 0 0 0 0 0 0 0 0 0 
0 0 0 0 0 0 0 0 0 0 0 0 0 0 0 0 0 0 0 0 0 0 0 0 0 0 0 0 0 0 0 0 0 0 0 0 0 0 0 
0 0 0 0 0 0 0 0 0 0
##$PVM_MapShimReportShimCalcStatus=( 1, 11 )
<Succeeded.>
##$PVM_MapShimReportNDynamicShims=1
##$PVM_MapShimReportNShims=9
##$PVM_MapShimReportShimProperties=( 9 )
(<Z0>, 1, 0) (<Z>, 3.6144578313253, 0) (<Z2>, 10, 1) (<X>, 3.6144578313253, 0)
 (<Y>, 3.6144578313253, 0) (<ZX>, 10, 1) (<ZY>, 10, 1) (<2XY>, 10, 1) (<X2-Y2>
, 10, 1)
##$PVM_MapShimReportShimIdentifiers=( 9, 41 )
<Ch1: Spf17 FRED> <Ch2: Spf3 Gradient Z> <Ch3: Spf4 SPS1,1 CoilPins=B1-B2 
CoilId=1> <Ch4: Spf1 Gradient X> <Ch5: Spf2 Gradient Y> <Ch6: Spf5 SPS1,3 
CoilPins=C4-C5 CoilId=2> <Ch7: Spf6 SPS1,2 CoilPins=D1-D2 CoilId=3> <Ch8: 
Spf7 SPS1,5 CoilPins=F1-F2 CoilId=4> <Ch9: Spf8 SPS1,4 CoilPins=E4-E5 
CoilId=5>
##$PVM_MapShimReportShimHardwareChainIdentifier=( 70 )
<B-GA12SHP INSERT FOR BGA20S BC94/30 (BFR W3307165/000276S).1508182319>
##$PVM_MapShimGradCC=289406
##$PVM_MapShimScalingFactors=( 3 )
0.99 1 0.992
##END=
$$ File finished by PARX at 2025-02-24 19:57:57.297 +0100
